Thetas: 
	T0 = -2	T1 = 0.999999
Mean Squared Error: 5.46366e-11
Predictions:
f(10) = 7.99999
f(-3) = -5
f(15) = 13
f(-5) = -6.99999
Thetas: 
	T0 = -12.8981	T1 = 0.295429	T2 = 0.994499
Mean Squared Error: 2128.22
Predictions:
f(20) = 390.81
f(-1) = -12.1991
f(2) = -8.32928
f(-4) = 1.83214
f(22) = 474.939
f(22) = 474.939
Thetas: 
	T0 = -1.91853	T1 = -17.6981	T2 = 10.4093	T3 = 4.03803
Mean Squared Error: 7.33471e+131
Predictions:
f(18) = 6.05488e+65
f(-26) = -1.82477e+66
f(25) = 1.62221e+66
f(-10) = -1.03822e+65
f(-26) = -1.82477e+66
f(10) = 1.03822e+65
f(-19) = -7.12113e+65
f(8) = 5.31567e+64
