Thetas: 
	T0 = -2	T1 = -2
Mean Squared Error: 1.14995e-10
Predictions:
f(12) = -26
f(11) = -24
f(3) = -8
f(-2) = 2
Thetas: 
	T0 = -27.8427	T1 = -8.19827	T2 = 3.61571
Mean Squared Error: 29269.2
Predictions:
f(5) = 21.5587
f(18) = 996.079
f(5) = 21.5587
f(-2) = 3.01664
f(-22) = 1902.52
f(4) = -2.78441
Thetas: 
	T0 = 63.5973	T1 = 244.073	T2 = -7.84679	T3 = -3.12855
Mean Squared Error: 2.81113e+07
Predictions:
f(0) = 63.5973
f(1) = 296.695
f(-16) = 6964.18
f(-27) = 49332.5
f(-6) = -1007.56
f(-23) = 28364
f(26) = -53882.3
f(13) = -4962.98
