Thetas: 
	T0 = -2	T1 = 0.999999
Mean Squared Error: 5.46366e-11
Predictions:
f(10) = 7.99999
f(-3) = -5
f(15) = 13
f(-5) = -6.99999
Thetas: 
	T0 = -8.98992	T1 = 0.27418	T2 = 0.982965
Mean Squared Error: 2.45003e+39
Predictions:
f(20) = 389.68
f(-1) = -8.28114
f(2) = -4.5097
f(-4) = 5.6408
f(22) = 472.797
f(22) = 472.797
Thetas: 
	T0 = -7.01363e+09	T1 = 2.21769e+10	T2 = -7.01364e+10	T3 = 2.21655e+11
Mean Squared Error: 1.36113e+39
Predictions:
f(18) = 1.27036e+15
f(-26) = -3.9438e+15
f(25) = 3.42007e+15
f(-10) = -2.28897e+14
f(-26) = -3.9438e+15
f(10) = 2.14856e+14
f(-19) = -1.54608e+15
f(8) = 1.09169e+14
