Thetas: 
	T0 = -2	T1 = 0.999999
Mean Squared Error: 5.46366e-11
Predictions:
f(10) = 7.99999
f(-3) = -5
f(15) = 13
f(-5) = -6.99999
Thetas: 
	T0 = -12.8981	T1 = 0.295429	T2 = 0.994499
Mean Squared Error: 2128.22
Predictions:
f(20) = 390.81
f(-1) = -12.1991
f(2) = -8.32928
f(-4) = 1.83214
f(22) = 474.939
f(22) = 474.939
Thetas: 
	T0 = -86.2825	T1 = 1337.05	T2 = 13.249	T3 = 48.1276
Mean Squared Error: 6.8897e+08
Predictions:
f(18) = 28341.9
f(-26) = -25919.2
f(25) = 41643.6
f(-10) = -12225.9
f(-26) = -25919.2
f(10) = 14703.2
f(-19) = -20788
f(8) = 11506.2
