Thetas: 
	T0 = 1	T1 = 2
Mean Squared Error: 4.11338e-11
Predictions:
f(14) = 29
f(-5) = -9
f(-14) = -27
f(13) = 27
Thetas: 
	T0 = 42.8689	T1 = -4.50581	T2 = -3.01542
Mean Squared Error: 22745.6
Predictions:
f(-18) = -853.024
f(2) = 21.7956
f(-4) = 12.6454
f(-17) = -751.99
f(16) = -801.173
f(21) = -1381.55
Thetas: 
	T0 = 63.8371	T1 = 270.998	T2 = -7.2885	T3 = -1.76783
Mean Squared Error: 3.4358e+07
Predictions:
f(4) = 918.071
f(30) = -46097.3
f(12) = -788.545
f(-11) = -1446.06
f(-24) = 13800.2
f(-18) = 3134.4
f(31) = -51204.9
f(-30) = 33105.7
