Thetas: 
	T0 = 0	T1 = 0
Mean Squared Error: 0
Predictions:
f(-1) = 0
f(1) = 0
f(-11) = 0
f(-9) = 0
Thetas: 
	T0 = 18.4446	T1 = -0.415506	T2 = -0.933671
Mean Squared Error: 5145.32
Predictions:
f(-13) = -133.944
f(17) = -258.45
f(12) = -120.99
f(8) = -44.6344
f(23) = -485.024
f(22) = -442.594
Thetas: 
	T0 = 54.0663	T1 = -371.283	T2 = -8.03492	T3 = 2.97585
Mean Squared Error: 8.60962e+07
Predictions:
f(13) = 407.425
f(31) = 69476.2
f(29) = 55107.5
f(-25) = -42183.3
f(21) = 16273.1
f(21) = 16273.1
f(6) = -1820.11
f(19) = 10510.4
