Thetas: 
	T0 = 0	T1 = 0
Mean Squared Error: 0
Predictions:
f(-1) = 0
f(1) = 0
f(-11) = 0
f(-9) = 0
Thetas: 
	T0 = 18.3978	T1 = -0.342077	T2 = -0.937171
Mean Squared Error: 5047.76
Predictions:
f(-13) = -135.537
f(17) = -258.26
f(12) = -120.66
f(8) = -44.3178
f(23) = -485.234
f(22) = -442.719
Thetas: 
	T0 = 1.8906	T1 = -24.481	T2 = -8.64658	T3 = 2.41084
Mean Squared Error: 9.84727e+07
Predictions:
f(13) = 3518.98
f(31) = 62754.9
f(29) = 50818.1
f(-25) = -42459.5
f(21) = 18001.4
f(21) = 18001.4
f(6) = 64.4685
f(19) = 12951.3
