Thetas: 
	T0 = -2	T1 = -2
Mean Squared Error: 1.14995e-10
Predictions:
f(12) = -26
f(11) = -24
f(3) = -8
f(-2) = 2
Thetas: 
	T0 = -27.7477	T1 = -8.21999	T2 = 3.61554
Mean Squared Error: 29196.3
Predictions:
f(5) = 21.541
f(18) = 995.729
f(5) = 21.541
f(-2) = 3.15441
f(-22) = 1903.02
f(4) = -2.77897
Thetas: 
	T0 = 147.564	T1 = 240.461	T2 = -9.79921	T3 = -0.572041
Mean Squared Error: 2.94848e+08
Predictions:
f(0) = 147.564
f(1) = 377.653
f(-16) = -3865.33
f(-27) = -2229.01
f(-6) = -1524.41
f(-23) = -3606.79
f(26) = -10278.9
f(13) = 360.714
