Thetas: 
	T0 = -1	T1 = -1.80747e-06
Mean Squared Error: 2.95261e-10
Predictions:
f(-15) = -0.999973
f(-4) = -0.999993
f(5) = -1.00001
f(2) = -1
Thetas: 
	T0 = 15.1006	T1 = -2.35494	T2 = -0.904822
Mean Squared Error: 4014.26
Predictions:
f(21) = -433.38
f(-14) = -129.275
f(4) = -8.79637
f(5) = -19.2947
f(-9) = -36.9955
f(-2) = 16.1912
Thetas: 
	T0 = -177.558	T1 = -1398.46	T2 = 35.5978	T3 = 21.7426
Mean Squared Error: 5.36477e+08
Predictions:
f(1) = -1518.68
f(-31) = 77384.2
f(-14) = 26378.1
f(-22) = 47817.9
f(-11) = 19512.8
f(5) = -6279.92
f(30) = -10093.4
f(-15) = 28808.8
