Thetas: 
	T0 = -1	T1 = -1.80747e-06
Mean Squared Error: 2.95261e-10
Predictions:
f(-15) = -0.999973
f(-4) = -0.999993
f(5) = -1.00001
f(2) = -1
Thetas: 
	T0 = 13.5668	T1 = -2.61995	T2 = -0.900325
Mean Squared Error: 3727.17
Predictions:
f(21) = -438.496
f(-14) = -126.218
f(4) = -11.3182
f(5) = -22.0411
f(-9) = -35.7801
f(-2) = 15.2053
Thetas: 
	T0 = -51.0037	T1 = 427.532	T2 = 10.0956	T3 = -3.91919
Mean Squared Error: 1.19135e+08
Predictions:
f(1) = 382.705
f(-31) = 113154
f(-14) = 6696.54
f(-22) = 37161.1
f(-11) = 1684.15
f(5) = 1849.15
f(30) = -83957.2
f(-15) = 9034.79
