Thetas: 
	T0 = -1	T1 = -1.80747e-06
Mean Squared Error: 2.95261e-10
Predictions:
f(-15) = -0.999973
f(-4) = -0.999993
f(5) = -1.00001
f(2) = -1
Thetas: 
	T0 = 15.1006	T1 = -2.35494	T2 = -0.904822
Mean Squared Error: 4014.26
Predictions:
f(21) = -433.38
f(-14) = -129.275
f(4) = -8.79637
f(5) = -19.2947
f(-9) = -36.9955
f(-2) = 16.1912
Thetas: 
	T0 = -10.1578	T1 = 86.9425	T2 = 11.8846	T3 = -3.44629
Mean Squared Error: 1.34304e+08
Predictions:
f(1) = 85.2231
f(-31) = 111384
f(-14) = 10558.7
f(-22) = 40525.4
f(-11) = 5058.53
f(5) = 290.884
f(30) = -79755.6
f(-15) = 12991
