Thetas: 
	T0 = 1	T1 = -2.97297e-06
Mean Squared Error: 1.31316e-09
Predictions:
f(14) = 0.999958
f(11) = 0.999967
f(0) = 1
f(-5) = 1.00001
Thetas: 
	T0 = -25.5293	T1 = -1.31232	T2 = 1.54601
Mean Squared Error: 31151.1
Predictions:
f(-9) = 111.508
f(24) = 833.477
f(3) = -15.5522
f(6) = 22.2532
f(15) = 302.638
f(10) = 115.949
Thetas: 
	T0 = 45.6243	T1 = -153.27	T2 = -17.8938	T3 = 2.41594
Mean Squared Error: 4.85569e+07
Predictions:
f(-22) = -30967.9
f(9) = -1021.99
f(2) = -313.164
f(-10) = -2626.99
f(-9) = -1785.56
f(-10) = -2626.99
f(32) = 55983.2
f(-10) = -2626.99
