Thetas: 
	T0 = -2	T1 = -2
Mean Squared Error: 1.14995e-10
Predictions:
f(12) = -26
f(11) = -24
f(3) = -8
f(-2) = 2
Thetas: 
	T0 = -27.7477	T1 = -8.21999	T2 = 3.61554
Mean Squared Error: 29196.3
Predictions:
f(5) = 21.541
f(18) = 995.729
f(5) = 21.541
f(-2) = 3.15441
f(-22) = 1903.02
f(4) = -2.77897
Thetas: 
	T0 = 5.7941	T1 = 26.8485	T2 = -7.02325	T3 = -2.74856
Mean Squared Error: 3.15588e+07
Predictions:
f(0) = 5.7941
f(1) = 22.8708
f(-16) = 9036.36
f(-27) = 48260.8
f(-6) = 185.555
f(-23) = 29114.7
f(26) = -52352.5
f(13) = -6870.69
