Thetas: 
	T0 = -1.33218	T1 = -2.01518
Mean Squared Error: 4.42394e+206
Predictions:
f(12) = -25.5143
f(11) = -23.4991
f(3) = -7.37771
f(-2) = 2.69818
Thetas: 
	T0 = 0	T1 = 0	T2 = 0
Mean Squared Error: 334027
Predictions:
f(5) = 0
f(18) = 0
f(5) = 0
f(-2) = 0
f(-22) = 0
f(4) = 0
Thetas: 
	T0 = 0	T1 = 0	T2 = 0	T3 = 0
Mean Squared Error: -nan
Predictions:
f(0) = 0
f(1) = 0
f(-16) = 0
f(-27) = 0
f(-6) = 0
f(-23) = 0
f(26) = 0
f(13) = 0
