Thetas: 
	T0 = -1	T1 = 0.999999
Mean Squared Error: 1.1305e-10
Predictions:
f(-16) = -17
f(1) = -1.33274e-06
f(13) = 12
f(5) = 3.99999
Thetas: 
	T0 = 8.63749	T1 = -1.94997	T2 = -0.114595
Mean Squared Error: 282.941
Predictions:
f(-14) = 13.4766
f(-5) = 15.5225
f(-22) = -3.92688
f(-6) = 16.2119
f(-19) = 4.31833
f(2) = 4.27916
Thetas: 
	T0 = 3.15378	T1 = 21.0019	T2 = 8.46975	T3 = -3.74401
Mean Squared Error: 1.77275e+08
Predictions:
f(-5) = 577.889
f(30) = -92832.2
f(19) = -22220.4
f(-32) = 130688
f(23) = -40586.6
f(-30) = 108084
f(0) = 3.15378
f(-1) = -5.63433
