Thetas: 
	T0 = -1	T1 = -1.80747e-06
Mean Squared Error: 2.95261e-10
Predictions:
f(-15) = -0.999973
f(-4) = -0.999993
f(5) = -1.00001
f(2) = -1
Thetas: 
	T0 = 15.1006	T1 = -2.35494	T2 = -0.904822
Mean Squared Error: 4014.26
Predictions:
f(21) = -433.38
f(-14) = -129.275
f(4) = -8.79637
f(5) = -19.2947
f(-9) = -36.9955
f(-2) = 16.1912
Thetas: 
	T0 = -0.890744	T1 = 12.2038	T2 = 12.2909	T3 = -3.40274
Mean Squared Error: 1.39127e+08
Predictions:
f(1) = 20.2013
f(-31) = 112803
f(-14) = 11574.4
f(-22) = 41911.8
f(-11) = 5881.12
f(5) = -57.9408
f(30) = -80447
f(-15) = 14065.8
