Thetas: 
	T0 = -1	T1 = 1
Mean Squared Error: 5.96515e-10
Predictions:
f(15) = 14
f(12) = 11
f(16) = 15
f(5) = 4.00001
Thetas: 
	T0 = -21.506	T1 = -3.50224	T2 = 2.96569
Mean Squared Error: 102669
Predictions:
f(13) = 434.167
f(-9) = 250.235
f(-15) = 698.309
f(4) = 11.9362
f(24) = 1602.68
f(9) = 187.195
Thetas: 
	T0 = 0.322536	T1 = -0.327729	T2 = 2.25697	T3 = -0.00135463
Mean Squared Error: 72517.7
Predictions:
f(-15) = 513.056
f(32) = 2300.97
f(9) = 180.187
f(-1) = 2.90859
f(-1) = 2.90859
f(-23) = 1201.8
f(-21) = 1002.53
f(-8) = 147.39
