Thetas: 
	T0 = -2	T1 = 0.999999
Mean Squared Error: 5.46366e-11
Predictions:
f(10) = 7.99999
f(-3) = -5
f(15) = 13
f(-5) = -6.99999
Thetas: 
	T0 = 37.8723	T1 = -3.78329	T2 = 0.222183
Mean Squared Error: 38573.3
Predictions:
f(20) = 51.0798
f(-1) = 41.8778
f(2) = 31.1945
f(-4) = 56.5604
f(22) = 62.1766
f(22) = 62.1766
Thetas: 
	T0 = 62.7893	T1 = 264.583	T2 = 2.70385	T3 = -0.404629
Mean Squared Error: 1.36561e+09
Predictions:
f(18) = 3341.54
f(-26) = 2123.19
f(25) = 2044.96
f(-10) = -1908.03
f(-26) = 2123.19
f(10) = 2574.38
f(-19) = -1212.85
f(8) = 2145.33
