Thetas: 
	T0 = 0	T1 = 0
Mean Squared Error: 0
Predictions:
f(-1) = 0
f(1) = 0
f(-11) = 0
f(-9) = 0
Thetas: 
	T0 = 18.3978	T1 = -0.342077	T2 = -0.937171
Mean Squared Error: 5047.76
Predictions:
Thetas: 
	T0 = 0	T1 = 0	T2 = 0	T3 = 0	T4 = 0	T5 = 0	T6 = 0	T7 = 0	T8 = 0	T9 = 0	T10 = 0	T11 = 0
Mean Squared Error: 41856.1
Predictions:
f(13) = 0
f(-19) = 0
f(9) = 0
f(21) = 0
f(29) = 0
f(-11) = 0
f(17891) = 0
f(-1505) = 0
f(42143) = 0
f(-65185) = 0
f(-193) = 0
f(-637) = 0
f(4157) = 0
f(12607) = 0
f(-46351) = 0
f(-371) = 0
f(6811) = 0
f(-20293) = 0
f(2303) = 0
f(28307) = 0
f(74123) = 0
f(-3917) = 0
f(13) = 0
