Thetas: 
	T0 = -2	T1 = 0.999999
Mean Squared Error: 5.46366e-11
Predictions:
f(10) = 7.99999
f(-3) = -5
f(15) = 13
f(-5) = -6.99999
Thetas: 
	T0 = -12.7114	T1 = 0.260571	T2 = 0.994677
Mean Squared Error: 2022.65
Predictions:
f(20) = 390.371
f(-1) = -11.9773
f(2) = -8.21159
f(-4) = 2.16111
f(22) = 474.445
f(22) = 474.445
Thetas: 
	T0 = -88.9714	T1 = -544.89	T2 = 9.75596	T3 = 4.93568
Mean Squared Error: 2.12376e+08
Predictions:
f(18) = 22048.9
f(-26) = -66076.4
f(25) = 69506.3
f(-10) = 1399.84
f(-26) = -66076.4
f(10) = 373.413
f(-19) = -20068
f(8) = -1296.64
