Thetas: 
	T0 = 1	T1 = 2
Mean Squared Error: 4.11338e-11
Predictions:
f(14) = 29
f(-5) = -9
f(-14) = -27
f(13) = 27
Thetas: 
	T0 = 10.5525	T1 = -4.7661	T2 = -2.93169
Mean Squared Error: 23230.5
Predictions:
f(-18) = -853.527
f(2) = -10.7065
f(-4) = -17.2903
f(-17) = -755.684
f(16) = -816.219
f(21) = -1382.41
Thetas: 
	T0 = 63.8371	T1 = 270.998	T2 = -7.2885	T3 = -1.76783
Mean Squared Error: 3.4358e+07
Predictions:
f(4) = 918.071
f(30) = -46097.3
f(12) = -788.545
f(-11) = -1446.06
f(-24) = 13800.2
f(-18) = 3134.4
f(31) = -51204.9
f(-30) = 33105.7
