Thetas: 
	T0 = -2	T1 = -2
Mean Squared Error: 1.14995e-10
Predictions:
f(12) = -26
f(11) = -24
f(3) = -8
f(-2) = 2
Thetas: 
	T0 = -27.7477	T1 = -8.21999	T2 = 3.61554
Mean Squared Error: 29196.3
Predictions:
f(5) = 21.541
f(18) = 995.729
f(5) = 21.541
f(-2) = 3.15441
f(-22) = 1903.02
f(4) = -2.77897
Thetas: 
	T0 = 4.82798	T1 = 22.5898	T2 = -7.00757	T3 = -2.74072
Mean Squared Error: 3.16662e+07
Predictions:
f(0) = 4.82798
f(1) = 17.6695
f(-16) = 9075.46
f(-27) = 48232
f(-6) = 209.013
f(-23) = 29124.6
f(26) = -52315.9
f(13) = -6907.15
