Thetas: 
	T0 = 1	T1 = -2
Mean Squared Error: 3.30808e-10
Predictions:
f(13) = -25
f(12) = -23
f(-6) = 13
f(13) = -25
Thetas: 
	T0 = -5.05196e-06	T1 = 1.00002	T2 = -2.9999
Mean Squared Error: 0.00072189
Predictions:
f(9) = -233.992
f(-23) = -1609.95
f(-17) = -883.973
f(-6) = -113.997
f(15) = -659.978
f(-10) = -309.991
Thetas: 
	T0 = 0.302307	T1 = 2.87622	T2 = -4.98461	T3 = 1.03453
Mean Squared Error: 126933
Predictions:
f(-9) = -1183.51
f(32) = 28887.6
f(27) = 16806.9
f(20) = 6340.24
f(-9) = -1183.51
f(-28) = -26698.2
f(-23) = -15289.9
f(18) = 4470.45
