Thetas: 
	T0 = -2	T1 = -2
Mean Squared Error: 1.14995e-10
Predictions:
f(12) = -26
f(11) = -24
f(3) = -8
f(-2) = 2
Thetas: 
	T0 = -27.7477	T1 = -8.21999	T2 = 3.61554
Mean Squared Error: 29196.3
Predictions:
f(5) = 21.541
f(18) = 995.729
f(5) = 21.541
f(-2) = 3.15441
f(-22) = 1903.02
f(4) = -2.77897
Thetas: 
	T0 = 63.6109	T1 = 244.058	T2 = -7.84432	T3 = -3.14829
Mean Squared Error: 2.81119e+07
Predictions:
f(0) = 63.6109
f(1) = 296.676
f(-16) = 7045.94
f(-27) = 49723.3
f(-6) = -1003.1
f(-23) = 28605.9
f(26) = -54228
f(13) = -5006.13
