Thetas: 
	T0 = 1	T1 = -2.97297e-06
Mean Squared Error: 1.31316e-09
Predictions:
f(14) = 0.999958
f(11) = 0.999967
f(0) = 1
f(-5) = 1.00001
Thetas: 
	T0 = -25.5293	T1 = -1.31232	T2 = 1.54601
Mean Squared Error: 31151.1
Predictions:
f(-9) = 111.508
f(24) = 833.477
f(3) = -15.5522
f(6) = 22.2532
f(15) = 302.638
f(10) = 115.949
Thetas: 
	T0 = 26.7248	T1 = -92.955	T2 = -18.2978	T3 = 2.32037
Mean Squared Error: 5.08933e+07
Predictions:
f(-22) = -31491.7
f(9) = -600.446
f(2) = -213.813
f(-10) = -3193.87
f(-9) = -2310.35
f(-10) = -3193.87
f(32) = 54349
f(-10) = -3193.87
