Thetas: 
	T0 = -1	T1 = -1.80747e-06
Mean Squared Error: 0.874192
Predictions:
f(-15) = -0.999973
f(-4) = -0.999993
f(5) = -1.00001
f(2) = -1
Thetas: 
	T0 = 4.63557e-310	T1 = -6.31457e-05	T2 = -0.000621495
Mean Squared Error: 0.422773
Predictions:
f(21) = -0.275405
f(-14) = -0.120929
f(4) = -0.0101965
f(5) = -0.0158531
f(-9) = -0.0497728
f(-2) = -0.00235969
Thetas: 
	T0 = -28.3358	T1 = 1.03722	T2 = 1.63134	T3 = 0.0281828
Mean Squared Error: 2.37695e+06
Predictions:
f(1) = -25.6391
f(-31) = 667.636
f(-14) = 199.553
f(-22) = 438.324
f(-11) = 120.136
f(5) = 21.1567
f(30) = 2231.93
f(-15) = 228.041
