Thetas: 
	T0 = 1	T1 = -2.97297e-06
Mean Squared Error: 1.31316e-09
Predictions:
f(14) = 0.999958
f(11) = 0.999967
f(0) = 1
f(-5) = 1.00001
Thetas: 
	T0 = -25.5293	T1 = -1.31232	T2 = 1.54601
Mean Squared Error: 31151.1
Predictions:
f(-9) = 111.508
f(24) = 833.477
f(3) = -15.5522
f(6) = 22.2532
f(15) = 302.638
f(10) = 115.949
Thetas: 
	T0 = 37.5741	T1 = -128.003	T2 = -18.0676	T3 = 2.40752
Mean Squared Error: 4.94818e+07
Predictions:
f(-22) = -31526.4
f(9) = -822.847
f(2) = -271.442
f(-10) = -2896.68
f(-9) = -2028.96
f(-10) = -2896.68
f(32) = 56329.8
f(-10) = -2896.68
