Thetas: 
	T0 = 1	T1 = -2.97297e-06
Mean Squared Error: 1.31316e-09
Predictions:
f(14) = 0.999958
f(11) = 0.999967
f(0) = 1
f(-5) = 1.00001
Thetas: 
	T0 = -25.5293	T1 = -1.31232	T2 = 1.54601
Mean Squared Error: 31151.1
Predictions:
f(-9) = 111.508
f(24) = 833.477
f(3) = -15.5522
f(6) = 22.2532
f(15) = 302.638
f(10) = 115.949
Thetas: 
	T0 = -6.16099	T1 = -9.95054	T2 = 0.805543	T3 = 0.0198747
Mean Squared Error: 50311.6
Predictions:
f(-22) = 391.008
f(9) = -15.9783
f(2) = -22.6809
f(-10) = 154.024
f(-9) = 134.154
f(-10) = 154.024
f(32) = 1151.55
f(-10) = 154.024
