Thetas: 
	T0 = -1	T1 = -1.80747e-06
Mean Squared Error: 2.95261e-10
Predictions:
f(-15) = -0.999973
f(-4) = -0.999993
f(5) = -1.00001
f(2) = -1
Thetas: 
	T0 = 5.11787	T1 = -2.488	T2 = -0.871509
Mean Squared Error: 4246.78
Predictions:
f(21) = -431.465
f(-14) = -130.866
f(4) = -18.7783
f(5) = -29.1098
f(-9) = -43.0824
f(-2) = 6.60783
Thetas: 
	T0 = -51.8413	T1 = 426.701	T2 = 10.0694	T3 = -3.91877
Mean Squared Error: 1.19241e+08
Predictions:
f(1) = 381.011
f(-31) = 113141
f(-14) = 6701.03
f(-22) = 37161.3
f(-11) = 1688.72
f(5) = 1843.56
f(30) = -83995
f(-15) = 9039.08
