Thetas: 
	T0 = 1	T1 = -2.97297e-06
Mean Squared Error: 1.31316e-09
Predictions:
f(14) = 0.999958
f(11) = 0.999967
f(0) = 1
f(-5) = 1.00001
Thetas: 
	T0 = -25.5293	T1 = -1.31232	T2 = 1.54601
Mean Squared Error: 31151.1
Predictions:
f(-9) = 111.508
f(24) = 833.477
f(3) = -15.5522
f(6) = 22.2532
f(15) = 302.638
f(10) = 115.949
Thetas: 
	T0 = 52.7165	T1 = -174.969	T2 = -17.7492	T3 = 2.45031
Mean Squared Error: 4.78247e+07
Predictions:
f(-22) = -30779.5
f(9) = -1173.42
f(2) = -348.616
f(-10) = -2422.82
f(-9) = -1596.52
f(-10) = -2422.82
f(32) = 56570.3
f(-10) = -2422.82
