Thetas: 
	T0 = -2	T1 = 0.999999
Mean Squared Error: 5.46366e-11
Predictions:
f(10) = 7.99999
f(-3) = -5
f(15) = 13
f(-5) = -6.99999
Thetas: 
	T0 = -5.39198	T1 = 0.847321	T2 = 0.0304071
Mean Squared Error: 4.86405
Predictions:
f(20) = 23.7173
f(-1) = -6.2089
f(2) = -3.57571
f(-4) = -8.29475
f(22) = 27.9661
f(22) = 27.9661
Thetas: 
	T0 = 177.348	T1 = 582.481	T2 = 8.25928	T3 = -0.728444
Mean Squared Error: 5.12301e+08
Predictions:
f(18) = 9089.73
f(-26) = 3419.25
f(25) = 8519.48
f(-10) = -4093.09
f(-26) = 3419.25
f(10) = 6099.64
f(-19) = -2911.79
f(8) = 4992.83
