Thetas: 
	T0 = -1	T1 = -1.80747e-06
Mean Squared Error: 2.95261e-10
Predictions:
f(-15) = -0.999973
f(-4) = -0.999993
f(5) = -1.00001
f(2) = -1
Thetas: 
	T0 = 9.89126	T1 = -2.42439	T2 = -0.887496
Mean Squared Error: inf
Predictions:
f(21) = -432.407
f(-14) = -130.117
f(4) = -14.0062
f(5) = -24.4181
f(-9) = -40.1765
f(-2) = 11.19
Thetas: 
	T0 = 0	T1 = 0	T2 = 0	T3 = 0
Mean Squared Error: -nan
Predictions:
f(1) = 0
f(-31) = 0
f(-14) = 0
f(-22) = 0
f(-11) = 0
f(5) = 0
f(30) = 0
f(-15) = 0
