Thetas: 
	T0 = 1	T1 = -2.97297e-06
Mean Squared Error: 1.31316e-09
Predictions:
f(14) = 0.999958
f(11) = 0.999967
f(0) = 1
f(-5) = 1.00001
Thetas: 
	T0 = -25.5293	T1 = -1.31232	T2 = 1.54601
Mean Squared Error: 31151.1
Predictions:
f(-9) = 111.508
f(24) = 833.477
f(3) = -15.5522
f(6) = 22.2532
f(15) = 302.638
f(10) = 115.949
Thetas: 
	T0 = 65.5451	T1 = -212.769	T2 = -17.4987	T3 = 2.51017
Mean Squared Error: 4.56715e+08
Predictions:
f(-22) = -3722.89
f(9) = -3266.77
f(2) = -429.988
f(-10) = 443.37
f(-9) = 563.076
f(-10) = 443.37
f(32) = -24661.7
f(-10) = 443.37
