Thetas: 
	T0 = 1	T1 = -2.97297e-06
Mean Squared Error: 1.31316e-09
Predictions:
f(14) = 0.999958
f(11) = 0.999967
f(0) = 1
f(-5) = 1.00001
Thetas: 
	T0 = -25.5293	T1 = -1.31232	T2 = 1.54601
Mean Squared Error: 31151.1
Predictions:
f(-9) = 111.508
f(24) = 833.477
f(3) = -15.5522
f(6) = 22.2532
f(15) = 302.638
f(10) = 115.949
Thetas: 
	T0 = 52.0257	T1 = -172.88	T2 = -17.7681	T3 = 2.47861
Mean Squared Error: 4.78927e+07
Predictions:
f(-22) = -31136.6
f(9) = -1136.2
f(2) = -344.977
f(-10) = -2474.6
f(-9) = -1638.18
f(-10) = -2474.6
f(32) = 57544.6
f(-10) = -2474.6
