Thetas: 
	T0 = 0	T1 = 0
Mean Squared Error: 0
Predictions:
f(-1) = 0
f(1) = 0
f(-11) = 0
f(-9) = 0
Thetas: 
	T0 = 12.4637	T1 = -0.359829	T2 = -0.919402
Mean Squared Error: 5242.61
Predictions:
f(-13) = -138.238
f(17) = -259.361
f(12) = -124.248
f(8) = -49.2567
f(23) = -482.176
f(22) = -440.443
Thetas: 
	T0 = 53.4382	T1 = -370.114	T2 = -8.05778	T3 = 2.97445
Mean Squared Error: 8.60902e+07
Predictions:
f(13) = 415.067
f(31) = 69448.3
f(29) = 55087.5
f(-25) = -42205.7
f(21) = 16274
f(21) = 16274
f(6) = -1814.84
f(19) = 10514.2
