Thetas: 
	T0 = -2.99922	T1 = 2.00201
Mean Squared Error: 0.000171271
Predictions:
f(1) = -0.997217
f(3) = 3.0068
f(7) = 11.0148
Thetas: 
	T0 = -30.6755	T1 = 2.83908
Mean Squared Error: 2960.6
Predictions:
f(0.5) = -29.256
f(5.6) = -14.7767
f(-4.7) = -44.0192
f(-2.9) = -38.9089
f(8.1) = -7.67897
