Thetas: 
	T0 = 1	T1 = -2.97297e-06
Mean Squared Error: 1.31316e-09
Predictions:
f(14) = 0.999958
f(11) = 0.999967
f(0) = 1
f(-5) = 1.00001
Thetas: 
	T0 = -25.5293	T1 = -1.31232	T2 = 1.54601
Mean Squared Error: 31151.1
Predictions:
f(-9) = 111.508
f(24) = 833.477
f(3) = -15.5522
f(6) = 22.2532
f(15) = 302.638
f(10) = 115.949
Thetas: 
	T0 = 5.77897	T1 = -22.3993	T2 = -18.7736	T3 = 2.20852
Mean Squared Error: 5.41889e+07
Predictions:
f(-22) = -32104.2
f(9) = -106.466
f(2) = -96.4461
f(-10) = -3856.11
f(-9) = -2923.31
f(-10) = -3856.11
f(32) = 52433.7
f(-10) = -3856.11
