Thetas: 
	T0 = -2	T1 = -2
Mean Squared Error: 1.14995e-10
Predictions:
f(12) = -26
f(11) = -24
f(3) = -8
f(-2) = 2
Thetas: 
	T0 = -27.7477	T1 = -8.21999	T2 = 3.61554
Mean Squared Error: 29196.3
Predictions:
f(5) = 21.541
f(18) = 995.729
f(5) = 21.541
f(-2) = 3.15441
f(-22) = 1903.02
f(4) = -2.77897
Thetas: 
	T0 = 0.181544	T1 = 1.90364	T2 = -6.74899	T3 = -2.68027
Mean Squared Error: 2.63607e+10
Predictions:
f(0) = 0.181544
f(1) = -7.34407
f(-16) = 68062.6
f(-27) = 505576
f(-6) = 6850.11
f(-23) = 430812
f(26) = -497639
f(13) = -62756.4
