Thetas: 
	T0 = -1	T1 = 0.999999
Mean Squared Error: inf
Predictions:
f(-16) = -17
f(1) = -1.33274e-06
f(13) = 12
f(5) = 3.99999
Thetas: 
	T0 = 0	T1 = 0	T2 = 0
Mean Squared Error: inf
Predictions:
f(-14) = 0
f(-5) = 0
f(-22) = 0
f(-6) = 0
f(-19) = 0
f(2) = 0
Thetas: 
	T0 = 0	T1 = 0	T2 = 0	T3 = 0
Mean Squared Error: inf
Predictions:
f(-5) = 0
f(30) = 0
f(19) = 0
f(-32) = 0
f(23) = 0
f(-30) = 0
f(0) = 0
f(-1) = 0
