Thetas: 
	T0 = -2	T1 = 0.999999
Mean Squared Error: 5.46366e-11
Predictions:
f(10) = 7.99999
f(-3) = -5
f(15) = 13
f(-5) = -6.99999
Thetas: 
	T0 = -4.97852	T1 = 0.252356	T2 = 0.971269
Mean Squared Error: 2260.25
Predictions:
f(20) = 388.576
f(-1) = -4.2596
f(2) = -0.588727
f(-4) = 9.55237
f(22) = 470.668
f(22) = 470.668
Thetas: 
	T0 = -88.983	T1 = -544.872	T2 = 9.75571	T3 = 4.93566
Mean Squared Error: 2.12378e+08
Predictions:
f(18) = 22048.9
f(-26) = -66076.6
f(25) = 69506.2
f(-10) = 1399.65
f(-26) = -66076.6
f(10) = 373.527
f(-19) = -20068.3
f(8) = -1296.54
