Thetas: 
	T0 = -1	T1 = -1.80747e-06
Mean Squared Error: 2.95261e-10
Predictions:
f(-15) = -0.999973
f(-4) = -0.999993
f(5) = -1.00001
f(2) = -1
Thetas: 
	T0 = 15.1006	T1 = -2.35494	T2 = -0.904822
Mean Squared Error: 4014.26
Predictions:
f(21) = -433.38
f(-14) = -129.275
f(4) = -8.79637
f(5) = -19.2947
f(-9) = -36.9955
f(-2) = 16.1912
Thetas: 
	T0 = 270.385	T1 = 528.147	T2 = -7.35326	T3 = -0.715904
Mean Squared Error: 1.64058e+09
Predictions:
f(1) = 790.463
f(-31) = -1841.17
f(-14) = -6600.47
f(-22) = -7284.89
f(-11) = -5476.11
f(5) = 2637.8
f(30) = -9832.54
f(-15) = -6890.13
