Thetas: 
	T0 = 1	T1 = 2
Mean Squared Error: 4.11338e-11
Predictions:
f(14) = 29
f(-5) = -9
f(-14) = -27
f(13) = 27
Thetas: 
	T0 = 6.15255	T1 = -4.80153	T2 = -2.92027
Mean Squared Error: inf
Predictions:
f(-18) = -853.587
f(2) = -15.1316
f(-4) = -21.3657
f(-17) = -756.18
f(16) = -818.261
f(21) = -1382.52
Thetas: 
	T0 = 0	T1 = 0	T2 = 0	T3 = 0
Mean Squared Error: -nan
Predictions:
f(4) = 0
f(30) = 0
f(12) = 0
f(-11) = 0
f(-24) = 0
f(-18) = 0
f(31) = 0
f(-30) = 0
