Thetas: 
	T0 = -1	T1 = -1.67038e-06
Mean Squared Error: 2.32863e-10
Predictions:
f(1) = -1
f(-1) = -0.999998
f(2) = -1
f(-15) = -0.999975
Thetas: 
	T0 = 3.28689	T1 = 1.34015	T2 = -0.0826239
Mean Squared Error: 106.445
Predictions:
f(4) = 7.32552
f(-2) = 0.276092
f(16) = 3.57761
f(-4) = -3.3957
f(-12) = -24.6928
f(5) = 7.92206
Thetas: 
	T0 = 11.9261	T1 = 29.5289	T2 = -19.525	T3 = -3.12374
Mean Squared Error: 1.14433e+08
Predictions:
f(-27) = 46465.5
f(-13) = 3191.18
f(7) = -1809.54
f(30) = -101016
f(3) = -159.554
f(-15) = 5718.49
f(-15) = 5718.49
f(7) = -1809.54
