Thetas: 
	T0 = -2	T1 = 0.999999
Mean Squared Error: 5.46366e-11
Predictions:
f(10) = 7.99999
f(-3) = -5
f(15) = 13
f(-5) = -6.99999
Thetas: 
	T0 = -12.8981	T1 = 0.295429	T2 = 0.994499
Mean Squared Error: 2128.22
Predictions:
f(20) = 390.81
f(-1) = -12.1991
f(2) = -8.32928
f(-4) = 1.83214
f(22) = 474.939
f(22) = 474.939
Thetas: 
	T0 = -0.329926	T1 = -5.87457	T2 = 10.4247	T3 = 4.01865
Mean Squared Error: 2.53398e+08
Predictions:
f(18) = 26708.3
f(-26) = -63432.2
f(25) = 69159.6
f(-10) = -2917.76
f(-26) = -63432.2
f(10) = 5002.04
f(-19) = -23689.3
f(8) = 2677.4
