Thetas: 
	T0 = -1	T1 = -1.67038e-06
Mean Squared Error: 2.32863e-10
Predictions:
f(1) = -1
f(-1) = -0.999998
f(2) = -1
f(-15) = -0.999975
Thetas: 
	T0 = 1.80429	T1 = 1.38549	T2 = -0.0768168
Mean Squared Error: 107.705
Predictions:
f(4) = 6.11716
f(-2) = -1.27395
f(16) = 4.30695
f(-4) = -4.96672
f(-12) = -25.8832
f(5) = 6.8113
Thetas: 
	T0 = 96.5436	T1 = 152.975	T2 = -18.4853	T3 = -3.32996
Mean Squared Error: 1.13385e+08
Predictions:
f(-27) = 48034
f(-13) = 2299.77
f(7) = -880.592
f(30) = -101860
f(3) = 299.19
f(-15) = 4881.33
f(-15) = 4881.33
f(7) = -880.592
