Thetas: 
	T0 = -1	T1 = -1.67038e-06
Mean Squared Error: 2.32863e-10
Predictions:
f(1) = -1
f(-1) = -0.999998
f(2) = -1
f(-15) = -0.999975
Thetas: 
	T0 = 1.10499	T1 = 1.40679	T2 = -0.0738963
Mean Squared Error: 1.37259e+96
Predictions:
f(4) = 5.54982
f(-2) = -2.00418
f(16) = 4.69624
f(-4) = -5.70453
f(-12) = -26.4176
f(5) = 6.29155
Thetas: 
	T0 = 0	T1 = 0	T2 = 0	T3 = 0
Mean Squared Error: 7.6255e+95
Predictions:
f(-27) = 0
f(-13) = 0
f(7) = 0
f(30) = 0
f(3) = 0
f(-15) = 0
f(-15) = 0
f(7) = 0
