Thetas: 
	T0 = 0	T1 = 0
Mean Squared Error: 0
Predictions:
f(-1) = 0
f(1) = 0
f(-11) = 0
f(-9) = 0
Thetas: 
	T0 = 3.25227	T1 = -0.387411	T2 = -0.891985
Mean Squared Error: 5605.66
Predictions:
f(-13) = -142.457
f(17) = -261.117
f(12) = -129.842
f(8) = -56.9341
f(23) = -477.518
f(22) = -436.991
Thetas: 
	T0 = 53.4382	T1 = -370.114	T2 = -8.05778	T3 = 2.97445
Mean Squared Error: 8.60902e+07
Predictions:
f(13) = 415.067
f(31) = 69448.3
f(29) = 55087.5
f(-25) = -42205.7
f(21) = 16274
f(21) = 16274
f(6) = -1814.84
f(19) = 10514.2
