Thetas: 
	T0 = -2	T1 = -2
Mean Squared Error: 1.14995e-10
Predictions:
f(12) = -26
f(11) = -24
f(3) = -8
f(-2) = 2
Thetas: 
	T0 = -5.19664	T1 = -8.68384	T2 = 3.51537
Mean Squared Error: 31082.9
Predictions:
f(5) = 39.2684
f(18) = 977.474
f(5) = 39.2684
f(-2) = 26.2325
f(-22) = 1887.29
f(4) = 16.3139
Thetas: 
	T0 = 63.6108	T1 = 244.06	T2 = -7.8467	T3 = -3.12852
Mean Squared Error: 2.81118e+07
Predictions:
f(0) = 63.6108
f(1) = 296.695
f(-16) = 6964.33
f(-27) = 49332.5
f(-6) = -1007.47
f(-23) = 28364.1
f(26) = -53882.1
f(13) = -4963.07
