Thetas: 
	T0 = -1	T1 = 1
Mean Squared Error: 5.96515e-10
Predictions:
f(15) = 14
f(12) = 11
f(16) = 15
f(5) = 4.00001
Thetas: 
	T0 = -21.59	T1 = -3.46105	T2 = 2.96472
Mean Squared Error: 103272
Predictions:
f(13) = 434.454
f(-9) = 249.702
f(-15) = 697.388
f(4) = 12.0013
f(24) = 1603.02
f(9) = 187.403
Thetas: 
	T0 = 1.86221	T1 = -7.12861	T2 = 2.30829	T3 = -0.00554847
Mean Squared Error: 101225
Predictions:
f(-15) = 646.883
f(32) = 1955.63
f(9) = 120.632
f(-1) = 11.3047
f(-1) = 11.3047
f(-23) = 1454.42
f(-21) = 1220.9
f(-8) = 209.463
