Thetas: 
	T0 = -1	T1 = -1.80747e-06
Mean Squared Error: 2.95261e-10
Predictions:
f(-15) = -0.999973
f(-4) = -0.999993
f(5) = -1.00001
f(2) = -1
Thetas: 
	T0 = 8.55548	T1 = -2.44217	T2 = -0.8829
Mean Squared Error: 4154.68
Predictions:
f(21) = -432.089
f(-14) = -130.303
f(4) = -15.3396
f(5) = -25.7279
f(-9) = -40.9799
f(-2) = 9.90821
Thetas: 
	T0 = -51.8413	T1 = 426.701	T2 = 10.0694	T3 = -3.91877
Mean Squared Error: 1.19241e+08
Predictions:
f(1) = 381.011
f(-31) = 113141
f(-14) = 6701.03
f(-22) = 37161.3
f(-11) = 1688.72
f(5) = 1843.56
f(30) = -83995
f(-15) = 9039.08
