Thetas: 
	T0 = -2	T1 = -2
Mean Squared Error: 0.00195333
Predictions:
f(12) = -26
f(11) = -24
f(3) = -8
f(-2) = 2
Thetas: 
	T0 = -27.7853	T1 = -8.20943	T2 = 3.61552
Mean Squared Error: 29220.7
Predictions:
f(5) = 21.5554
f(18) = 995.872
f(5) = 21.5554
f(-2) = 3.09559
f(-22) = 1902.73
f(4) = -2.77481
Thetas: 
	T0 = 63.6088	T1 = 244.047	T2 = -7.84637	T3 = -3.1285
Mean Squared Error: 2.81122e+07
Predictions:
f(0) = 63.6088
f(1) = 296.681
f(-16) = 6964.52
f(-27) = 49332.6
f(-6) = -1007.39
f(-23) = 28364.2
f(26) = -53881.8
f(13) = -4963.13
