Thetas: 
	T0 = 0	T1 = 0
Mean Squared Error: 0
Predictions:
f(-1) = 0
f(1) = 0
f(-11) = 0
f(-9) = 0
Thetas: 
	T0 = 18.3978	T1 = -0.342077	T2 = -0.937171
Mean Squared Error: 5047.76
Predictions:
f(-13) = -135.537
f(17) = -258.26
f(12) = -120.66
f(8) = -44.3178
f(23) = -485.234
f(22) = -442.719
Thetas: 
	T0 = 54.4986	T1 = -338.597	T2 = -7.61518	T3 = 1.84532
Mean Squared Error: 8.17206e+07
Predictions:
f(13) = 264.554
f(31) = 70088
f(29) = 55749.5
f(-25) = -42315.3
f(21) = 14450.8
f(21) = 14450.8
f(6) = -1723.19
f(19) = 9287.99
