Thetas: 
	T0 = -1	T1 = 0.999999
Mean Squared Error: 1.1305e-10
Predictions:
f(-16) = -17
f(1) = -1.33274e-06
f(13) = 12
f(5) = 3.99999
Thetas: 
	T0 = 8.63749	T1 = -1.94997	T2 = -0.114595
Mean Squared Error: 282.941
Predictions:
f(-14) = 13.4766
f(-5) = 15.5225
f(-22) = -3.92688
f(-6) = 16.2119
f(-19) = 4.31833
f(2) = 4.27916
Thetas: 
	T0 = 0.242435	T1 = 0.968655	T2 = 3.57019	T3 = -3.55434
Mean Squared Error: 1.81607e+08
Predictions:
f(-5) = 528.946
f(30) = -92724.6
f(19) = -23071.7
f(-32) = 120094
f(23) = -41334.5
f(-30) = 99151.5
f(0) = 0.242435
f(-1) = 6.39831
