Thetas: 
	T0 = -1	T1 = 1
Mean Squared Error: 5.96515e-10
Predictions:
f(15) = 14
f(12) = 11
f(16) = 15
f(5) = 4.00001
Thetas: 
	T0 = -21.506	T1 = -3.50221	T2 = 2.96569
Mean Squared Error: 102670
Predictions:
f(13) = 434.167
f(-9) = 250.235
f(-15) = 698.308
f(4) = 11.9362
f(24) = 1602.68
f(9) = 187.195
Thetas: 
	T0 = 1.88643	T1 = -7.17674	T2 = 2.30946	T3 = -0.00544675
Mean Squared Error: 100918
Predictions:
f(-15) = 647.55
f(32) = 1958.64
f(9) = 120.392
f(-1) = 11.3781
f(-1) = 11.3781
f(-23) = 1454.93
f(-21) = 1221.51
f(-8) = 209.895
