Thetas: 
	T0 = -5.26081e-09	T1 = 2
Mean Squared Error: 8.15868e-11
Predictions:
f(7) = 14
f(-8) = -16
f(-6) = -12
f(1) = 2
