Thetas: 
	T0 = 0	T1 = 0
Mean Squared Error: 0
Predictions:
f(-1) = 0
f(1) = 0
f(-11) = 0
f(-9) = 0
Thetas: 
	T0 = 16.727	T1 = 0.115401	T2 = -0.953068
Mean Squared Error: 4652.9
Predictions:
f(-13) = -145.842
f(17) = -256.748
f(12) = -119.13
f(8) = -43.3462
f(23) = -484.792
f(22) = -442.019
Thetas: 
	T0 = 49.382	T1 = -365.675	T2 = -8.08992	T3 = 2.96767
Mean Squared Error: 8.61539e+07
Predictions:
f(13) = 448.387
f(31) = 69349
f(29) = 55019.7
f(-25) = -42234.8
f(21) = 16286.2
f(21) = 16286.2
f(6) = -1794.89
f(19) = 10536.4
