Thetas: 
	T0 = -1	T1 = -1.80747e-06
Mean Squared Error: 2.95261e-10
Predictions:
f(-15) = -0.999973
f(-4) = -0.999993
f(5) = -1.00001
f(2) = -1
Thetas: 
	T0 = 15.1178	T1 = -2.35175	T2 = -0.904994
Mean Squared Error: 4021.84
Predictions:
f(21) = -433.371
f(-14) = -129.336
f(4) = -8.76907
f(5) = -19.2658
f(-9) = -37.0209
f(-2) = 16.2013
Thetas: 
	T0 = -51.8395	T1 = 426.703	T2 = 10.0694	T3 = -3.91877
Mean Squared Error: 1.19241e+08
Predictions:
f(1) = 381.014
f(-31) = 113141
f(-14) = 6701.02
f(-22) = 37161.3
f(-11) = 1688.7
f(5) = 1843.57
f(30) = -83995
f(-15) = 9039.07
