Thetas: 
	T0 = 1	T1 = -2.97297e-06
Mean Squared Error: 1.31316e-09
Predictions:
f(14) = 0.999958
f(11) = 0.999967
f(0) = 1
f(-5) = 1.00001
Thetas: 
	T0 = -25.5293	T1 = -1.31232	T2 = 1.54601
Mean Squared Error: 31151.1
Predictions:
f(-9) = 111.508
f(24) = 833.477
f(3) = -15.5522
f(6) = 22.2532
f(15) = 302.638
f(10) = 115.949
Thetas: 
	T0 = 0.569424	T1 = -4.24753	T2 = -16.9142	T3 = 2.22799
Mean Squared Error: 5.5341e+07
Predictions:
f(-22) = -31816.1
f(9) = 216.501
f(2) = -57.7583
f(-10) = -3876.36
f(-9) = -2955.46
f(-10) = -3876.36
f(32) = 55551.4
f(-10) = -3876.36
