Thetas: 
	T0 = -2	T1 = 0.999999
Mean Squared Error: 5.46366e-11
Predictions:
f(10) = 7.99999
f(-3) = -5
f(15) = 13
f(-5) = -6.99999
Thetas: 
	T0 = -12.8981	T1 = 0.295429	T2 = 0.994499
Mean Squared Error: 2128.22
Predictions:
f(20) = 390.81
f(-1) = -12.1991
f(2) = -8.32928
f(-4) = 1.83214
f(22) = 474.939
f(22) = 474.939
Thetas: 
	T0 = -1.91013	T1 = -17.6357	T2 = 10.4101	T3 = 4.07153
Mean Squared Error: 2.52248e+08
Predictions:
f(18) = 26798.7
f(-26) = -64067.3
f(25) = 69681.1
f(-10) = -2856.07
f(-26) = -64067.3
f(10) = 4934.27
f(-19) = -23835.4
f(8) = 2607.87
