Thetas: 
	T0 = 0	T1 = 0
Mean Squared Error: 0
Predictions:
f(-1) = 0
f(1) = 0
f(-11) = 0
f(-9) = 0
Thetas: 
	T0 = 18.3994	T1 = -0.344273	T2 = -0.937068
Mean Squared Error: 5050.61
Predictions:
f(-13) = -135.49
f(17) = -258.266
f(12) = -120.67
f(8) = -44.3271
f(23) = -485.228
f(22) = -442.716
Thetas: 
	T0 = 53.4577	T1 = -370.148	T2 = -8.05715	T3 = 2.9745
Mean Squared Error: 8.60902e+07
Predictions:
f(13) = 414.838
f(31) = 69449.1
f(29) = 55088.1
f(-25) = -42205
f(21) = 16273.9
f(21) = 16273.9
f(6) = -1815
f(19) = 10514.1
