Thetas: 
	T0 = 1	T1 = 2
Mean Squared Error: 4.11338e-11
Predictions:
f(14) = 29
f(-5) = -9
f(-14) = -27
f(13) = 27
Thetas: 
	T0 = -0.112356	T1 = -0.016812	T2 = -2.83203
Mean Squared Error: 27747.2
Predictions:
f(-18) = -917.388
f(2) = -11.4741
f(-4) = -45.3576
f(-17) = -818.284
f(16) = -725.381
f(21) = -1249.39
Thetas: 
	T0 = 63.8371	T1 = 270.998	T2 = -7.2885	T3 = -1.76783
Mean Squared Error: 3.4358e+07
Predictions:
f(4) = 918.071
f(30) = -46097.3
f(12) = -788.545
f(-11) = -1446.06
f(-24) = 13800.2
f(-18) = 3134.4
f(31) = -51204.9
f(-30) = 33105.7
