Thetas: 
	T0 = -2	T1 = 0.999999
Mean Squared Error: 5.46366e-11
Predictions:
f(10) = 7.99999
f(-3) = -5
f(15) = 13
f(-5) = -6.99999
Thetas: 
	T0 = -12.7902	T1 = 0.269459	T2 = 0.994727
Mean Squared Error: 2047.38
Predictions:
f(20) = 390.49
f(-1) = -12.0649
f(2) = -8.27234
f(-4) = 2.04763
f(22) = 474.586
f(22) = 474.586
Thetas: 
	T0 = -88.9743	T1 = -544.885	T2 = 9.7559	T3 = 4.93568
Mean Squared Error: 2.12377e+08
Predictions:
f(18) = 22048.9
f(-26) = -66076.5
f(25) = 69506.3
f(-10) = 1399.79
f(-26) = -66076.5
f(10) = 373.442
f(-19) = -20068.1
f(8) = -1296.61
