Thetas: 
	T0 = -1	T1 = -1.80747e-06
Mean Squared Error: 2.95261e-10
Predictions:
f(-15) = -0.999973
f(-4) = -0.999993
f(5) = -1.00001
f(2) = -1
Thetas: 
	T0 = 15.1006	T1 = -2.35494	T2 = -0.904822
Mean Squared Error: 4014.26
Predictions:
f(21) = -433.38
f(-14) = -129.275
f(4) = -8.79637
f(5) = -19.2947
f(-9) = -36.9955
f(-2) = 16.1912
Thetas: 
	T0 = -3.23465	T1 = 31.0911	T2 = 12.1829	T3 = -3.36863
Mean Squared Error: 1.37857e+08
Predictions:
f(1) = 36.6707
f(-31) = 111095
f(-14) = 11192.8
f(-22) = 41078.4
f(-11) = 5612.53
f(5) = 35.7145
f(30) = -79058.8
f(-15) = 13640.7
