Thetas: 
	T0 = 1	T1 = -2.97297e-06
Mean Squared Error: 1.31316e-09
Predictions:
f(14) = 0.999958
f(11) = 0.999967
f(0) = 1
f(-5) = 1.00001
Thetas: 
	T0 = -25.5293	T1 = -1.31232	T2 = 1.54601
Mean Squared Error: 31151.1
Predictions:
f(-9) = 111.508
f(24) = 833.477
f(3) = -15.5522
f(6) = 22.2532
f(15) = 302.638
f(10) = 115.949
Thetas: 
	T0 = 31.153	T1 = -107.392	T2 = -18.2008	T3 = 2.34325
Mean Squared Error: 5.02937e+07
Predictions:
f(-22) = -31366.3
f(9) = -701.42
f(2) = -237.689
f(-10) = -3058.25
f(-9) = -2184.81
f(-10) = -3058.25
f(32) = 54740.4
f(-10) = -3058.25
