Thetas: 
	T0 = 1	T1 = -2.97297e-06
Mean Squared Error: 1.31316e-09
Predictions:
f(14) = 0.999958
f(11) = 0.999967
f(0) = 1
f(-5) = 1.00001
Thetas: 
	T0 = -25.5293	T1 = -1.31232	T2 = 1.54601
Mean Squared Error: 31151.1
Predictions:
f(-9) = 111.508
f(24) = 833.477
f(3) = -15.5522
f(6) = 22.2532
f(15) = 302.638
f(10) = 115.949
Thetas: 
	T0 = 32.9881	T1 = -113.323	T2 = -18.161	T3 = 2.35264
Mean Squared Error: 5.00548e+07
Predictions:
f(-22) = -31314.8
f(9) = -742.883
f(2) = -247.48
f(-10) = -3002.54
f(-9) = -2133.23
f(-10) = -3002.54
f(32) = 54901.2
f(-10) = -3002.54
