Thetas: 
	T0 = -1	T1 = -1.67038e-06
Mean Squared Error: 2.32863e-10
Predictions:
f(1) = -1
f(-1) = -0.999998
f(2) = -1
f(-15) = -0.999975
Thetas: 
	T0 = 3.43516	T1 = 1.39424	T2 = -0.0805665
Mean Squared Error: 102.457
Predictions:
f(4) = 7.72306
f(-2) = 0.324414
f(16) = 5.11798
f(-4) = -3.43086
f(-12) = -24.8973
f(5) = 8.3922
Thetas: 
	T0 = 95.1894	T1 = 148.829	T2 = -18.5376	T3 = -3.3232
Mean Squared Error: 1.13375e+08
Predictions:
f(-27) = 47973.4
f(-13) = 2328.63
f(7) = -911.21
f(30) = -101850
f(3) = 285.11
f(-15) = 4907.59
f(-15) = 4907.59
f(7) = -911.21
