Thetas: 
	T0 = -1	T1 = 0.999999
Mean Squared Error: 1.1305e-10
Predictions:
f(-16) = -17
f(1) = -1.33274e-06
f(13) = 12
f(5) = 3.99999
Thetas: 
	T0 = 6.26064	T1 = -2.00448	T2 = -0.10556
Mean Squared Error: 296.742
Predictions:
f(-14) = 13.6336
f(-5) = 13.644
f(-22) = -0.731832
f(-6) = 14.4873
f(-19) = 6.2386
f(2) = 1.82945
Thetas: 
	T0 = 82.9236	T1 = 551.806	T2 = 12.1425	T3 = -4.60562
Mean Squared Error: 1.35899e+08
Predictions:
f(-5) = -1796.84
f(30) = -96786.3
f(19) = -16639.2
f(-32) = 145776
f(23) = -36838.7
f(-30) = 118809
f(0) = 82.9236
f(-1) = -452.134
