Thetas: 
	T0 = -0.212222	T1 = 0.995258
Mean Squared Error: inf
Predictions:
f(-16) = -16.1364
f(1) = 0.783036
f(13) = 12.7261
f(5) = 4.76407
Thetas: 
	T0 = 0	T1 = 0	T2 = 0
Mean Squared Error: -nan
Predictions:
f(-14) = 0
f(-5) = 0
f(-22) = 0
f(-6) = 0
f(-19) = 0
f(2) = 0
Thetas: 
	T0 = 0	T1 = 0	T2 = 0	T3 = 0
Mean Squared Error: -nan
Predictions:
f(-5) = 0
f(30) = 0
f(19) = 0
f(-32) = 0
f(23) = 0
f(-30) = 0
f(0) = 0
f(-1) = 0
