Thetas: 
	T0 = 0	T1 = 0
Mean Squared Error: 0
Predictions:
f(-1) = 0
f(1) = 0
f(-11) = 0
f(-9) = 0
Thetas: 
	T0 = 7.72637	T1 = -0.374001	T2 = -0.905217
Mean Squared Error: 8508.1
Predictions:
f(-13) = -140.393
f(17) = -260.239
f(12) = -127.113
f(8) = -53.1995
f(23) = -479.735
f(22) = -438.627
Thetas: 
	T0 = 47.4126	T1 = 359.432	T2 = -1.50609	T3 = -0.395952
Mean Squared Error: 2.18257e+08
Predictions:
f(13) = 3595.59
f(31) = -2053.36
f(29) = -452.563
f(-25) = -3692.94
f(21) = 3264.38
f(21) = 3264.38
f(6) = 2064.26
f(19) = 3617.08
