Thetas: 
	T0 = -1	T1 = 1
Mean Squared Error: 2.83075e-10
Predictions:
f(2) = 1
f(0) = -1
f(-6) = -7.00001
f(-13) = -14
Thetas: 
	T0 = -10.3897	T1 = 8.60257	T2 = 3.80841
Mean Squared Error: 96074.8
Predictions:
f(-7) = 116.004
f(-1) = -15.1839
f(20) = 1685.03
f(-3) = -1.92178
f(-12) = 434.79
f(-5) = 41.8076
Thetas: 
	T0 = 62.0101	T1 = -405.66	T2 = 9.96186	T3 = 3.21352
Mean Squared Error: 8.56175e+07
Predictions:
f(3) = -978.548
f(3) = -978.548
f(21) = 25696.7
f(-7) = 2287.52
f(-15) = -2457.29
f(-30) = -65567.4
f(-15) = -2457.29
f(29) = 75050.2
