Thetas: 
	T0 = -1	T1 = -1.80747e-06
Mean Squared Error: 2.95261e-10
Predictions:
f(-15) = -0.999973
f(-4) = -0.999993
f(5) = -1.00001
f(2) = -1
Thetas: 
	T0 = 15.1006	T1 = -2.35494	T2 = -0.904822
Mean Squared Error: 4014.26
Predictions:
f(21) = -433.38
f(-14) = -129.275
f(4) = -8.79637
f(5) = -19.2947
f(-9) = -36.9955
f(-2) = 16.1912
Thetas: 
	T0 = -2.42389	T1 = 24.5567	T2 = 12.225	T3 = -3.41992
Mean Squared Error: 1.38292e+08
Predictions:
f(1) = 30.9379
f(-31) = 112867
f(-14) = 11434.1
f(-22) = 41789.5
f(-11) = 5758.59
f(5) = -1.50567
f(30) = -80601.1
f(-15) = 13922.1
