Thetas: 
	T0 = -1	T1 = 0.999999
Mean Squared Error: 1.1305e-10
Predictions:
f(-16) = -17
f(1) = -1.33274e-06
f(13) = 12
f(5) = 3.99999
Thetas: 
	T0 = 8.63749	T1 = -1.94997	T2 = -0.114595
Mean Squared Error: 282.941
Predictions:
f(-14) = 13.4766
f(-5) = 15.5225
f(-22) = -3.92688
f(-6) = 16.2119
f(-19) = 4.31833
f(2) = 4.27916
Thetas: 
	T0 = 60.825	T1 = 412.57	T2 = 11.1835	T3 = -4.36735
Mean Squared Error: inf
Predictions:
f(-5) = 8.47549e+233
f(30) = -1.83071e+236
f(19) = -4.65067e+235
f(-32) = 2.2218e+236
f(23) = -8.24971e+235
f(-30) = 1.83071e+236
f(0) = 60.825
f(-1) = -336.194
