Thetas: 
	T0 = -1	T1 = 0.999999
Mean Squared Error: 1.1305e-10
Predictions:
f(-16) = -17
f(1) = -1.33274e-06
f(13) = 12
f(5) = 3.99999
Thetas: 
	T0 = 8.63749	T1 = -1.94997	T2 = -0.114595
Mean Squared Error: 282.941
Predictions:
f(-14) = 13.4766
f(-5) = 15.5225
f(-22) = -3.92688
f(-6) = 16.2119
f(-19) = 4.31833
f(2) = 4.27916
Thetas: 
	T0 = 201.233	T1 = -1197.45	T2 = -24.6885	T3 = 11.1574
Mean Squared Error: 5.41875e+08
Predictions:
f(-5) = 5571.26
f(30) = -57941.9
f(19) = -31462.8
f(-32) = 13238.5
f(23) = -40400.3
f(-30) = 13905
f(0) = 201.233
f(-1) = 1362.84
