Thetas: 
	T0 = -0.0445946	T1 = 0.157255
Mean Squared Error: 3.04196e+180
Predictions:
f(14) = 2.15698
f(-5) = -0.830872
f(-14) = -2.24617
f(13) = 1.99973
Thetas: 
	T0 = 0	T1 = 0	T2 = 0
Mean Squared Error: 597626
Predictions:
f(-18) = 0
f(2) = 0
f(-4) = 0
f(-17) = 0
f(16) = 0
f(21) = 0
Thetas: 
	T0 = 0	T1 = 0	T2 = 0	T3 = 0
Mean Squared Error: 1.37395e+08
Predictions:
f(4) = 0
f(30) = 0
f(12) = 0
f(-11) = 0
f(-24) = 0
f(-18) = 0
f(31) = 0
f(-30) = 0
