Thetas: 
	T0 = -2	T1 = 0.999999
Mean Squared Error: 5.46366e-11
Predictions:
f(10) = 7.99999
f(-3) = -5
f(15) = 13
f(-5) = -6.99999
Thetas: 
	T0 = -12.8981	T1 = 0.295429	T2 = 0.994499
Mean Squared Error: 2128.22
Predictions:
f(20) = 390.81
f(-1) = -12.1991
f(2) = -8.32928
f(-4) = 1.83214
f(22) = 474.939
f(22) = 474.939
Thetas: 
	T0 = -97.3353	T1 = -585.009	T2 = 9.70936	T3 = 5.00144
Mean Squared Error: 2.10277e+08
Predictions:
f(18) = 21686.7
f(-26) = -66228.9
f(25) = 69493.3
f(-10) = 1722.25
f(-26) = -66228.9
f(10) = 24.9538
f(-19) = -19782
f(8) = -1595.27
