Thetas: 
	T0 = -2	T1 = -2
Mean Squared Error: 1.14995e-10
Predictions:
f(12) = -26
f(11) = -24
f(3) = -8
f(-2) = 2
Thetas: 
	T0 = -27.5696	T1 = -8.46381	T2 = 3.61784
Mean Squared Error: 28806.2
Predictions:
f(5) = 20.5574
f(18) = 992.263
f(5) = 20.5574
f(-2) = 3.82935
f(-22) = 1909.67
f(4) = -3.53937
Thetas: 
	T0 = 62.724	T1 = 245.059	T2 = -7.85744	T3 = -3.1304
Mean Squared Error: 2.80799e+07
Predictions:
f(0) = 62.724
f(1) = 296.795
f(-16) = 6952.39
f(-27) = 49333.7
f(-6) = -1014.33
f(-23) = 28357.4
f(26) = -53897.3
f(13) = -4956.9
