Thetas: 
	T0 = -2	T1 = 0.999999
Mean Squared Error: 6.12508e+39
Predictions:
f(10) = 7.99999
f(-3) = -5
f(15) = 13
f(-5) = -6.99999
Thetas: 
	T0 = -1.41147e+10	T1 = 4.46346e+10	T2 = -1.41147e+11
Mean Squared Error: 2.45003e+39
Predictions:
f(20) = -5.55801e+13
f(-1) = -1.99896e+11
f(2) = -4.89433e+11
f(-4) = -2.451e+12
f(22) = -6.73472e+13
f(22) = -6.73472e+13
Thetas: 
	T0 = -7.01363e+09	T1 = 2.21769e+10	T2 = -7.01364e+10	T3 = 2.21655e+11
Mean Squared Error: 1.36113e+39
Predictions:
f(18) = 1.27036e+15
f(-26) = -3.9438e+15
f(25) = 3.42007e+15
f(-10) = -2.28897e+14
f(-26) = -3.9438e+15
f(10) = 2.14856e+14
f(-19) = -1.54608e+15
f(8) = 1.09169e+14
