Thetas: 
	T0 = -2	T1 = 0.999999
Mean Squared Error: 18
Predictions:
f(10) = 7.99999
f(-3) = -5
f(15) = 13
f(-5) = -6.99999
Thetas: 
	T0 = -12.6275	T1 = 0.260114	T2 = 0.99443
Mean Squared Error: 2023.65
Predictions:
f(20) = 390.347
f(-1) = -11.8932
f(2) = -8.12958
f(-4) = 2.24289
f(22) = 474.399
f(22) = 474.399
Thetas: 
	T0 = -88.9714	T1 = -544.89	T2 = 9.75596	T3 = 4.93568
Mean Squared Error: 2.12376e+08
Predictions:
f(18) = 22048.9
f(-26) = -66076.4
f(25) = 69506.3
f(-10) = 1399.84
f(-26) = -66076.4
f(10) = 373.413
f(-19) = -20068
f(8) = -1296.64
