Thetas: 
	T0 = -2	T1 = -2
Mean Squared Error: 1.14995e-10
Predictions:
f(12) = -26
f(11) = -24
f(3) = -8
f(-2) = 2
Thetas: 
	T0 = -27.7477	T1 = -8.21999	T2 = 3.61554
Mean Squared Error: 29196.3
Predictions:
f(5) = 21.541
f(18) = 995.729
f(5) = 21.541
f(-2) = 3.15441
f(-22) = 1903.02
f(4) = -2.77897
Thetas: 
	T0 = 63.8328	T1 = 243.836	T2 = -7.84519	T3 = -3.12811
Mean Squared Error: 2.81209e+07
Predictions:
f(0) = 63.8328
f(1) = 296.696
f(-16) = 6966.81
f(-27) = 49331.7
f(-6) = -1005.94
f(-23) = 28365.2
f(26) = -53879.4
f(13) = -4964.59
