Thetas: 
	T0 = -2	T1 = -2
Mean Squared Error: 1.14995e-10
Predictions:
f(12) = -26
f(11) = -24
f(3) = -8
f(-2) = 2
Thetas: 
	T0 = -27.7477	T1 = -8.21999	T2 = 3.61554
Mean Squared Error: 29196.3
Predictions:
f(5) = 21.541
f(18) = 995.729
f(5) = 21.541
f(-2) = 3.15441
f(-22) = 1903.02
f(4) = -2.77897
Thetas: 
	T0 = 17.7043	T1 = -815.612	T2 = 4.99667	T3 = 9.52829
Mean Squared Error: 1.3272e+08
Predictions:
f(0) = 17.7043
f(1) = -783.383
f(-16) = 14346.7
f(-27) = 25681.8
f(-6) = 5091.26
f(-23) = 21420
f(26) = -17810.5
f(13) = -9740.82
