Thetas: 
	T0 = -1	T1 = 1
Mean Squared Error: 5.96515e-10
Predictions:
f(15) = 14
f(12) = 11
f(16) = 15
f(5) = 4.00001
Thetas: 
	T0 = -6.76523	T1 = -3.47256	T2 = 2.90057
Mean Squared Error: 103415
Predictions:
f(13) = 438.288
f(-9) = 259.434
f(-15) = 697.952
f(4) = 25.7537
f(24) = 1580.62
f(9) = 196.928
Thetas: 
	T0 = 1.88644	T1 = -7.17677	T2 = 2.30947	T3 = -0.00544669
Mean Squared Error: 100918
Predictions:
f(-15) = 647.55
f(32) = 1958.65
f(9) = 120.392
f(-1) = 11.3781
f(-1) = 11.3781
f(-23) = 1454.93
f(-21) = 1221.51
f(-8) = 209.895
