Thetas: 
	T0 = -2	T1 = 0.999999
Mean Squared Error: 5.46366e-11
Predictions:
f(10) = 7.99999
f(-3) = -5
f(15) = 13
f(-5) = -6.99999
Thetas: 
	T0 = -9.87251	T1 = 0.278964	T2 = 0.985712
Mean Squared Error: 3.09305e+10
Predictions:
f(20) = 389.992
f(-1) = -9.16576
f(2) = -5.37173
f(-4) = 4.78303
f(22) = 473.349
f(22) = 473.349
Thetas: 
	T0 = -378.496	T1 = 936.519	T2 = -7.01573	T3 = 2.80279
Mean Squared Error: 1.70328e+10
Predictions:
f(18) = 30551.6
f(-26) = -78732.5
f(25) = 62443.3
f(-10) = -13248
f(-26) = -78732.5
f(10) = 11087.9
f(-19) = -39929.4
f(8) = 8099.68
