Thetas: 
	T0 = -1	T1 = 0.999999
Mean Squared Error: 1.1305e-10
Predictions:
f(-16) = -17
f(1) = -1.33274e-06
f(13) = 12
f(5) = 3.99999
Thetas: 
	T0 = 1.48283	T1 = -2.11393	T2 = -0.0869786
Mean Squared Error: 340.014
Predictions:
f(-14) = 14.03
f(-5) = 9.878
f(-22) = 5.89159
f(-6) = 11.0352
f(-19) = 10.2482
f(2) = -3.09294
Thetas: 
	T0 = 82.9236	T1 = 551.806	T2 = 12.1425	T3 = -4.60562
Mean Squared Error: 1.35899e+08
Predictions:
f(-5) = -1796.84
f(30) = -96786.3
f(19) = -16639.2
f(-32) = 145776
f(23) = -36838.7
f(-30) = 118809
f(0) = 82.9236
f(-1) = -452.134
