Thetas: 
	T0 = -1	T1 = -1.67038e-06
Mean Squared Error: 2.32863e-10
Predictions:
f(1) = -1
f(-1) = -0.999998
f(2) = -1
f(-15) = -0.999975
Thetas: 
	T0 = 1.97154	T1 = 1.38036	T2 = -0.0773613
Mean Squared Error: 107.45
Predictions:
f(4) = 6.25519
f(-2) = -1.09862
f(16) = 4.25277
f(-4) = -4.78768
f(-12) = -25.7328
f(5) = 6.9393
Thetas: 
	T0 = 96.5436	T1 = 152.975	T2 = -18.4853	T3 = -3.32996
Mean Squared Error: 1.13385e+08
Predictions:
f(-27) = 48034
f(-13) = 2299.77
f(7) = -880.592
f(30) = -101860
f(3) = 299.19
f(-15) = 4881.33
f(-15) = 4881.33
f(7) = -880.592
