Thetas: 
	T0 = 1	T1 = -2.97297e-06
Mean Squared Error: 1.31316e-09
Predictions:
f(14) = 0.999958
f(11) = 0.999967
f(0) = 1
f(-5) = 1.00001
Thetas: 
	T0 = -25.5293	T1 = -1.31232	T2 = 1.54601
Mean Squared Error: 31151.1
Predictions:
f(-9) = 111.508
f(24) = 833.477
f(3) = -15.5522
f(6) = 22.2532
f(15) = 302.638
f(10) = 115.949
Thetas: 
	T0 = 41.4642	T1 = -140.295	T2 = -17.9854	T3 = 2.42699
Mean Squared Error: 4.90221e+07
Predictions:
f(-22) = -31419.6
f(9) = -908.727
f(2) = -291.651
f(-10) = -2781.12
f(-9) = -1921.98
f(-10) = -2781.12
f(32) = 56662.7
f(-10) = -2781.12
