Thetas: 
	T0 = 1	T1 = -2.97297e-06
Mean Squared Error: 1.31316e-09
Predictions:
f(14) = 0.999958
f(11) = 0.999967
f(0) = 1
f(-5) = 1.00001
Thetas: 
	T0 = -25.5293	T1 = -1.31232	T2 = 1.54601
Mean Squared Error: 31151.1
Predictions:
f(-9) = 111.508
f(24) = 833.477
f(3) = -15.5522
f(6) = 22.2532
f(15) = 302.638
f(10) = 115.949
Thetas: 
	T0 = 112.049	T1 = -331.051	T2 = -16.7323	T3 = 2.69881
Mean Squared Error: 3.98165e+07
Predictions:
f(-22) = -29440.2
f(9) = -2255.29
f(2) = -595.391
f(-10) = -949.482
f(-9) = -231.242
f(-10) = -949.482
f(32) = 60819.2
f(-10) = -949.482
