Thetas: 
	T0 = -1	T1 = -1.80747e-06
Mean Squared Error: 2.95261e-10
Predictions:
f(-15) = -0.999973
f(-4) = -0.999993
f(5) = -1.00001
f(2) = -1
Thetas: 
	T0 = 15.1006	T1 = -2.35494	T2 = -0.904822
Mean Squared Error: 4014.26
Predictions:
f(21) = -433.38
f(-14) = -129.275
f(4) = -8.79637
f(5) = -19.2947
f(-9) = -36.9955
f(-2) = 16.1912
Thetas: 
	T0 = -6.00776	T1 = 53.4507	T2 = 12.0635	T3 = -3.39972
Mean Squared Error: 1.57723e+09
Predictions:
f(1) = 56.1067
f(-31) = 9930.02
f(-14) = 1610.12
f(-22) = 4656.8
f(-11) = 865.714
f(5) = 562.833
f(30) = 12454.6
f(-15) = 1906.51
