Thetas: 
	T0 = -1	T1 = 0.999999
Mean Squared Error: 1.1305e-10
Predictions:
f(-16) = -17
f(1) = -1.33274e-06
f(13) = 12
f(5) = 3.99999
Thetas: 
	T0 = 8.63749	T1 = -1.94997	T2 = -0.114595
Mean Squared Error: 282.941
Predictions:
f(-14) = 13.4766
f(-5) = 15.5225
f(-22) = -3.92688
f(-6) = 16.2119
f(-19) = 4.31833
f(2) = 4.27916
Thetas: 
	T0 = 89.1823	T1 = 536.509	T2 = 12.9246	T3 = -4.61042
Mean Squared Error: 1.33663e+08
Predictions:
f(-5) = -1693.95
f(30) = -96664.8
f(19) = -16674.3
f(-32) = 147230
f(23) = -36829
f(-30) = 120107
f(0) = 89.1823
f(-1) = -429.792
