Thetas: 
	T0 = -1	T1 = 0.999999
Mean Squared Error: 1.1305e-10
Predictions:
f(-16) = -17
f(1) = -1.33274e-06
f(13) = 12
f(5) = 3.99999
Thetas: 
	T0 = 2.28212	T1 = -2.09564	T2 = -0.0902035
Mean Squared Error: inf
Predictions:
f(-14) = 13.9412
f(-5) = 10.5052
f(-22) = 4.72772
f(-6) = 11.6086
f(-19) = 9.53583
f(2) = -2.26998
Thetas: 
	T0 = 0	T1 = 0	T2 = 0	T3 = 0
Mean Squared Error: -nan
Predictions:
f(-5) = 0
f(30) = 0
f(19) = 0
f(-32) = 0
f(23) = 0
f(-30) = 0
f(0) = 0
f(-1) = 0
