Thetas: 
	T0 = -2	T1 = 0.999999
Mean Squared Error: 5.46366e-11
Predictions:
f(10) = 7.99999
f(-3) = -5
f(15) = 13
f(-5) = -6.99999
Thetas: 
	T0 = -12.8981	T1 = 0.295429	T2 = 0.994499
Mean Squared Error: 2128.22
Predictions:
f(20) = 390.81
f(-1) = -12.1991
f(2) = -8.32928
f(-4) = 1.83214
f(22) = 474.939
f(22) = 474.939
Thetas: 
	T0 = -86.8329	T1 = 1339.86	T2 = 13.2358	T3 = -27.2156
Mean Squared Error: 6.87737e+08
Predictions:
f(18) = 28319
f(-26) = -25975.8
f(25) = 41682
f(-10) = -12161.9
f(-26) = -25975.8
f(10) = 14635.3
f(-19) = -20766.1
f(8) = 11479.1
