Thetas: 
	T0 = 0	T1 = 0
Mean Squared Error: 0
Predictions:
f(-1) = 0
f(1) = 0
f(-11) = 0
f(-9) = 0
Thetas: 
	T0 = 18.3978	T1 = -0.342077	T2 = -0.937171
Mean Squared Error: 5047.76
Predictions:
f(-13) = -135.537
f(17) = -258.26
f(12) = -120.66
f(8) = -44.3178
f(23) = -485.234
f(22) = -442.719
Thetas: 
	T0 = 6.83391	T1 = -71.5399	T2 = -8.56455	T3 = 2.46082
Mean Squared Error: 9.6072e+07
Predictions:
f(13) = 3035.83
f(31) = 62869
f(29) = 50746.4
f(-25) = -42007.9
f(21) = 17517.2
f(21) = 17517.2
f(6) = -199.192
f(19) = 12434.6
