Thetas: 
	T0 = 0	T1 = 0
Mean Squared Error: 0
Predictions:
f(-1) = 0
f(1) = 0
f(-11) = 0
f(-9) = 0
Thetas: 
	T0 = 18.3978	T1 = -0.342077	T2 = -0.937171
Mean Squared Error: 5047.76
Predictions:
f(-13) = -135.537
f(17) = -258.26
f(12) = -120.66
f(8) = -44.3178
f(23) = -485.234
f(22) = -442.719
Thetas: 
	T0 = -35.9272	T1 = 845.267	T2 = -5.00016	T3 = -1.07432
Mean Squared Error: 2.31165e+08
Predictions:
f(13) = 10106.9
f(31) = 21361.2
f(29) = 20270.9
f(-25) = -24292.2
f(21) = 15507.2
f(21) = 15507.2
f(6) = 4855.22
f(19) = 14217.3
