Thetas: 
	T0 = -2	T1 = -2
Mean Squared Error: 1.14995e-10
Predictions:
f(12) = -26
f(11) = -24
f(3) = -8
f(-2) = 2
Thetas: 
	T0 = -26.6946	T1 = -8.48398	T2 = 3.61398
Mean Squared Error: 28857.8
Predictions:
f(5) = 21.2351
f(18) = 991.524
f(5) = 21.2351
f(-2) = 4.72929
f(-22) = 1909.12
f(4) = -2.80679
Thetas: 
	T0 = 62.724	T1 = 245.059	T2 = -7.85744	T3 = -3.1304
Mean Squared Error: 2.80799e+07
Predictions:
f(0) = 62.724
f(1) = 296.795
f(-16) = 6952.39
f(-27) = 49333.7
f(-6) = -1014.33
f(-23) = 28357.4
f(26) = -53897.3
f(13) = -4956.9
