Thetas: 
	T0 = 1	T1 = -2.97297e-06
Mean Squared Error: 1.31316e-09
Predictions:
f(14) = 0.999958
f(11) = 0.999967
f(0) = 1
f(-5) = 1.00001
Thetas: 
	T0 = -25.5293	T1 = -1.31232	T2 = 1.54601
Mean Squared Error: 31151.1
Predictions:
f(-9) = 111.508
f(24) = 833.477
f(3) = -15.5522
f(6) = 22.2532
f(15) = 302.638
f(10) = 115.949
Thetas: 
	T0 = 114.85	T1 = -336.562	T2 = -16.6983	T3 = 2.70592
Mean Squared Error: 4.41688e+07
Predictions:
f(-22) = -29375.3
f(9) = -2294.15
f(2) = -603.42
f(-10) = -895.272
f(-9) = -181.264
f(-10) = -895.272
f(32) = 60913.3
f(-10) = -895.272
