Thetas: 
	T0 = -1	T1 = -1.80747e-06
Mean Squared Error: 2.95261e-10
Predictions:
f(-15) = -0.999973
f(-4) = -0.999993
f(5) = -1.00001
f(2) = -1
Thetas: 
	T0 = 15.1006	T1 = -2.35494	T2 = -0.904822
Mean Squared Error: 4014.26
Predictions:
f(21) = -433.38
f(-14) = -129.275
f(4) = -8.79637
f(5) = -19.2947
f(-9) = -36.9955
f(-2) = 16.1912
Thetas: 
	T0 = -7.79019	T1 = 67.8308	T2 = 11.9939	T3 = -3.4801
Mean Squared Error: 1.35485e+08
Predictions:
f(1) = 68.5544
f(-31) = 113091
f(-14) = 10942.8
f(-22) = 41361.1
f(-11) = 5329.34
f(5) = 196.199
f(30) = -81141
f(-15) = 13418.7
