Thetas: 
	T0 = -1	T1 = 0.999999
Mean Squared Error: 1.1305e-10
Predictions:
f(-16) = -17
f(1) = -1.33274e-06
f(13) = 12
f(5) = 3.99999
Thetas: 
	T0 = 6.63901	T1 = -1.99578	T2 = -0.10688
Mean Squared Error: 294.201
Predictions:
f(-14) = 13.6313
f(-5) = 13.9459
f(-22) = -1.18399
f(-6) = 14.766
f(-19) = 5.97497
f(2) = 2.21993
Thetas: 
	T0 = 82.9236	T1 = 551.806	T2 = 12.1425	T3 = -4.60562
Mean Squared Error: 1.35899e+08
Predictions:
f(-5) = -1796.84
f(30) = -96786.3
f(19) = -16639.2
f(-32) = 145776
f(23) = -36838.7
f(-30) = 118809
f(0) = 82.9236
f(-1) = -452.134
