Thetas: 
	T0 = -1	T1 = 1
Mean Squared Error: 5.96515e-10
Predictions:
f(15) = 14
f(12) = 11
f(16) = 15
f(5) = 4.00001
Thetas: 
	T0 = -13.9619	T1 = -3.48705	T2 = 2.93241
Mean Squared Error: 6.12902e+14
Predictions:
f(13) = 436.283
f(-9) = 254.947
f(-15) = 698.135
f(4) = 19.0084
f(24) = 1591.42
f(9) = 192.18
Thetas: 
	T0 = 0	T1 = 0	T2 = 0	T3 = 0
Mean Squared Error: 654986
Predictions:
f(-15) = 0
f(32) = 0
f(9) = 0
f(-1) = 0
f(-1) = 0
f(-23) = 0
f(-21) = 0
f(-8) = 0
