Thetas: 
	T0 = -1	T1 = -1.80747e-06
Mean Squared Error: 2.95261e-10
Predictions:
f(-15) = -0.999973
f(-4) = -0.999993
f(5) = -1.00001
f(2) = -1
Thetas: 
	T0 = 3.17011	T1 = -2.51393	T2 = -0.864863
Mean Squared Error: 4304.57
Predictions:
f(21) = -431.027
f(-14) = -131.148
f(4) = -20.7234
f(5) = -31.0211
f(-9) = -44.2584
f(-2) = 4.73853
Thetas: 
	T0 = -51.8413	T1 = 426.701	T2 = 10.0694	T3 = -3.91877
Mean Squared Error: 1.19241e+08
Predictions:
f(1) = 381.011
f(-31) = 113141
f(-14) = 6701.03
f(-22) = 37161.3
f(-11) = 1688.72
f(5) = 1843.56
f(30) = -83995
f(-15) = 9039.08
