Thetas: 
	T0 = 0	T1 = 0
Mean Squared Error: 0
Predictions:
f(-1) = 0
f(1) = 0
f(-11) = 0
f(-9) = 0
Thetas: 
	T0 = 18.3978	T1 = -0.342077	T2 = -0.937171
Mean Squared Error: 5047.76
Predictions:
f(-13) = -135.537
f(17) = -258.26
f(12) = -120.66
f(8) = -44.3178
f(23) = -485.234
f(22) = -442.719
Thetas: 
	T0 = 53.4383	T1 = -370.114	T2 = -8.0546	T3 = 3.00542
Mean Squared Error: 8.60902e+07
Predictions:
f(13) = 483.637
f(31) = 70373.9
f(29) = 55845.4
f(-25) = -42687.5
f(21) = 16562.2
f(21) = 16562.2
f(6) = -1808.04
f(19) = 10727.7
