Thetas: 
	T0 = -2	T1 = -2
Mean Squared Error: 1.14995e-10
Predictions:
f(12) = -26
f(11) = -24
f(3) = -8
f(-2) = 2
Thetas: 
	T0 = -27.7477	T1 = -8.21999	T2 = 3.61554
Mean Squared Error: 29196.3
Predictions:
f(5) = 21.541
f(18) = 995.729
f(5) = 21.541
f(-2) = 3.15441
f(-22) = 1903.02
f(4) = -2.77897
Thetas: 
	T0 = 1597.52	T1 = 224.98	T2 = -11.6247	T3 = -3.13632
Mean Squared Error: 2.83743e+07
Predictions:
f(0) = 1597.52
f(1) = 1807.74
f(-16) = 7868.28
f(-27) = 48780.8
f(-6) = 506.601
f(-23) = 28433.1
f(26) = -55535.3
f(13) = -4332.81
