Thetas: 
	T0 = -2	T1 = 0.999999
Mean Squared Error: 5.46366e-11
Predictions:
f(10) = 7.99999
f(-3) = -5
f(15) = 13
f(-5) = -6.99999
Thetas: 
	T0 = -12.8981	T1 = 0.295429	T2 = 0.994499
Mean Squared Error: 2128.22
Predictions:
f(20) = 390.81
f(-1) = -12.1991
f(2) = -8.32928
f(-4) = 1.83214
f(22) = 474.939
f(22) = 474.939
Thetas: 
	T0 = 0.181139	T1 = -1.47497	T2 = 6.51846	T3 = 4.04686
Mean Squared Error: 2.55537e+08
Predictions:
f(18) = 25686.9
f(-26) = -66682.6
f(25) = 67269.5
f(-10) = -3380.08
f(-26) = -66682.6
f(10) = 4684.14
f(-19) = -25376
f(8) = 2477.55
