Thetas: 
	T0 = -2	T1 = 0.999999
Mean Squared Error: 5.46366e-11
Predictions:
f(10) = 7.99999
f(-3) = -5
f(15) = 13
f(-5) = -6.99999
Thetas: 
	T0 = -4.26765	T1 = 0.248491	T2 = 0.969171
Mean Squared Error: 2275.26
Predictions:
f(20) = 388.371
f(-1) = -3.54697
f(2) = 0.106015
f(-4) = 10.2451
f(22) = 470.278
f(22) = 470.278
Thetas: 
	T0 = -88.983	T1 = -544.872	T2 = 9.75571	T3 = 4.93566
Mean Squared Error: 2.12378e+08
Predictions:
f(18) = 22048.9
f(-26) = -66076.6
f(25) = 69506.2
f(-10) = 1399.65
f(-26) = -66076.6
f(10) = 373.527
f(-19) = -20068.3
f(8) = -1296.54
