Thetas: 
	T0 = -1	T1 = 1
Mean Squared Error: 5.96515e-10
Predictions:
f(15) = 14
f(12) = 11
f(16) = 15
f(5) = 4.00001
Thetas: 
	T0 = -21.4819	T1 = -3.8351	T2 = 3.05633
Mean Squared Error: 91672.5
Predictions:
f(13) = 445.181
f(-9) = 260.596
f(-15) = 723.718
f(4) = 12.0789
f(24) = 1646.92
f(9) = 191.565
Thetas: 
	T0 = 2.43008	T1 = -8.62818	T2 = 2.34739	T3 = -0.00230276
Mean Squared Error: 95797.1
Predictions:
f(-15) = 667.787
f(32) = 2054.6
f(9) = 113.236
f(-1) = 13.408
f(-1) = 13.408
f(-23) = 1470.66
f(-21) = 1240.15
f(-8) = 222.867
