Thetas: 
	T0 = 1	T1 = -2.97297e-06
Mean Squared Error: 1.31316e-09
Predictions:
f(14) = 0.999958
f(11) = 0.999967
f(0) = 1
f(-5) = 1.00001
Thetas: 
	T0 = -25.5293	T1 = -1.31232	T2 = 1.54601
Mean Squared Error: 31151.1
Predictions:
f(-9) = 111.508
f(24) = 833.477
f(3) = -15.5522
f(6) = 22.2532
f(15) = 302.638
f(10) = 115.949
Thetas: 
	T0 = 114.835	T1 = -336.426	T2 = -16.6992	T3 = 2.7057
Mean Squared Error: 4.41705e+07
Predictions:
f(-22) = -29376.5
f(9) = -2293.18
f(2) = -603.167
f(-10) = -896.527
f(-9) = -182.424
f(-10) = -896.527
f(32) = 60909.6
f(-10) = -896.527
