Thetas: 
	T0 = 0	T1 = 0
Mean Squared Error: 0
Predictions:
f(-1) = 0
f(1) = 0
f(-11) = 0
f(-9) = 0
Thetas: 
	T0 = 18.3978	T1 = -0.342077	T2 = -0.937171
Mean Squared Error: 5047.76
Predictions:
f(-13) = -135.537
f(17) = -258.26
f(12) = -120.66
f(8) = -44.3178
f(23) = -485.234
f(22) = -442.719
Thetas: 
	T0 = -0.19219	T1 = -3.22277	T2 = -8.66676	T3 = 2.37408
Mean Squared Error: 9.96312e+07
Predictions:
f(13) = 3709.08
f(31) = 62297.3
f(29) = 50519
f(-25) = -42431.3
f(21) = 18096.4
f(21) = 18096.4
f(6) = 181.268
f(19) = 13093.7
