Thetas: 
	T0 = -1.00159	T1 = 1.00034
Mean Squared Error: 7.27453e-06
Predictions:
f(-16) = -17.0071
f(1) = -0.00125121
f(13) = 12.0029
f(5) = 4.00012
Thetas: 
	T0 = 8.63759	T1 = -1.94981	T2 = -0.114604
Mean Squared Error: 282.974
Predictions:
f(-14) = 13.4726
f(-5) = 15.5215
f(-22) = -3.93475
f(-6) = 16.2107
f(-19) = 4.31206
f(2) = 4.27956
Thetas: 
	T0 = 82.9236	T1 = 551.806	T2 = 12.1425	T3 = -4.60562
Mean Squared Error: 1.35899e+08
Predictions:
f(-5) = -1796.84
f(30) = -96786.3
f(19) = -16639.2
f(-32) = 145776
f(23) = -36838.7
f(-30) = 118809
f(0) = 82.9236
f(-1) = -452.134
