Thetas: 
	T0 = -1	T1 = -1.80747e-06
Mean Squared Error: 2.95261e-10
Predictions:
f(-15) = -0.999973
f(-4) = -0.999993
f(5) = -1.00001
f(2) = -1
Thetas: 
	T0 = 15.041	T1 = -2.35576	T2 = -0.904744
Mean Squared Error: inf
Predictions:
f(21) = -433.422
f(-14) = -129.308
f(4) = -8.85797
f(5) = -19.3564
f(-9) = -37.0415
f(-2) = 16.1335
Thetas: 
	T0 = 0	T1 = 0	T2 = 0	T3 = 0
Mean Squared Error: -nan
Predictions:
f(1) = 0
f(-31) = 0
f(-14) = 0
f(-22) = 0
f(-11) = 0
f(5) = 0
f(30) = 0
f(-15) = 0
