Thetas: 
	T0 = -2	T1 = 0.999999
Mean Squared Error: 5.46366e-11
Predictions:
f(10) = 7.99999
f(-3) = -5
f(15) = 13
f(-5) = -6.99999
Thetas: 
	T0 = -9.81836	T1 = 0.278684	T2 = 0.98541
Mean Squared Error: 2171.88
Predictions:
f(20) = 389.919
f(-1) = -9.11164
f(2) = -5.31935
f(-4) = 4.83346
f(22) = 473.251
f(22) = 473.251
Thetas: 
	T0 = -88.983	T1 = -544.872	T2 = 9.75571	T3 = 4.93566
Mean Squared Error: 2.12378e+08
Predictions:
f(18) = 22048.9
f(-26) = -66076.6
f(25) = 69506.2
f(-10) = 1399.65
f(-26) = -66076.6
f(10) = 373.527
f(-19) = -20068.3
f(8) = -1296.54
