Thetas: 
	T0 = 0	T1 = 0
Mean Squared Error: 0
Predictions:
f(-1) = 0
f(1) = 0
f(-11) = 0
f(-9) = 0
Thetas: 
	T0 = 18.3978	T1 = -0.342077	T2 = -0.937171
Mean Squared Error: 5047.76
Predictions:
f(-13) = -135.537
f(17) = -258.26
f(12) = -120.66
f(8) = -44.3178
f(23) = -485.234
f(22) = -442.719
Thetas: 
	T0 = -154.681	T1 = -243.902	T2 = 22.3577	T3 = -0.0494996
Mean Squared Error: 3.7163e+08
Predictions:
f(13) = 344.3
f(31) = 12295.5
f(29) = 10367.8
f(-25) = 20689.9
f(21) = 4124.72
f(21) = 4124.72
f(6) = -823.905
f(19) = 2942.8
