Thetas: 
	T0 = -2	T1 = -2
Mean Squared Error: 1.14995e-10
Predictions:
f(12) = -26
f(11) = -24
f(3) = -8
f(-2) = 2
Thetas: 
	T0 = -27.7477	T1 = -8.21999	T2 = 3.61554
Mean Squared Error: 29196.3
Predictions:
f(5) = 21.541
f(18) = 995.729
f(5) = 21.541
f(-2) = 3.15441
f(-22) = 1903.02
f(4) = -2.77897
Thetas: 
	T0 = 57.4382	T1 = 244.133	T2 = -7.83148	T3 = -3.12856
Mean Squared Error: 2.81162e+07
Predictions:
f(0) = 57.4382
f(1) = 290.611
f(-16) = 6961.05
f(-27) = 49336.2
f(-6) = -1013.52
f(-23) = 28364.8
f(26) = -53876.8
f(13) = -4965.81
