Thetas: 
	T0 = 0	T1 = 0
Mean Squared Error: 0
Predictions:
f(-1) = 0
f(1) = 0
f(-11) = 0
f(-9) = 0
Thetas: 
	T0 = 15.2849	T1 = -0.351389	T2 = -0.92785
Mean Squared Error: 5146.16
Predictions:
f(-13) = -136.954
f(17) = -258.837
f(12) = -122.542
f(8) = -46.9086
f(23) = -483.63
f(22) = -441.525
Thetas: 
	T0 = 53.4382	T1 = -370.114	T2 = -8.05778	T3 = 2.97445
Mean Squared Error: 8.60902e+07
Predictions:
f(13) = 415.067
f(31) = 69448.3
f(29) = 55087.5
f(-25) = -42205.7
f(21) = 16274
f(21) = 16274
f(6) = -1814.84
f(19) = 10514.2
