Thetas: 
	T0 = -1	T1 = -1.67038e-06
Mean Squared Error: 2.32863e-10
Predictions:
f(1) = -1
f(-1) = -0.999998
f(2) = -1
f(-15) = -0.999975
Thetas: 
	T0 = 3.28689	T1 = 1.34015	T2 = -0.0826239
Mean Squared Error: 106.445
Predictions:
f(4) = 7.32552
f(-2) = 0.276092
f(16) = 3.57761
f(-4) = -3.3957
f(-12) = -24.6928
f(5) = 7.92206
Thetas: 
	T0 = 2.25232	T1 = 8.11623	T2 = -19.7175	T3 = -3.06204
Mean Squared Error: 1.14727e+08
Predictions:
f(-27) = 45679.2
f(-13) = 3291.79
f(7) = -1957.37
f(30) = -100175
f(3) = -233.532
f(-15) = 5778.46
f(-15) = 5778.46
f(7) = -1957.37
