Thetas: 
	T0 = -1	T1 = -1.67038e-06
Mean Squared Error: 2.32863e-10
Predictions:
f(1) = -1
f(-1) = -0.999998
f(2) = -1
f(-15) = -0.999975
Thetas: 
	T0 = 3.28689	T1 = 1.34015	T2 = -0.0826239
Mean Squared Error: 106.445
Predictions:
f(4) = 7.32552
f(-2) = 0.276092
f(16) = 3.57761
f(-4) = -3.3957
f(-12) = -24.6928
f(5) = 7.92206
Thetas: 
	T0 = 166.237	T1 = -1073.71	T2 = -29.6074	T3 = 10.4603
Mean Squared Error: 2.56418e+08
Predictions:
f(-27) = 7572.71
f(-13) = 9120.86
f(7) = -8800.52
f(30) = -58691.8
f(3) = -3321.37
f(-15) = 9610.28
f(-15) = 9610.28
f(7) = -8800.52
