Thetas: 
	T0 = -2	T1 = 0.999999
Mean Squared Error: 5.46366e-11
Predictions:
f(10) = 7.99999
f(-3) = -5
f(15) = 13
f(-5) = -6.99999
Thetas: 
	T0 = -12.8981	T1 = 0.295429	T2 = 0.994499
Mean Squared Error: 2128.22
Predictions:
f(20) = 390.81
f(-1) = -12.1991
f(2) = -8.32928
f(-4) = 1.83214
f(22) = 474.939
f(22) = 474.939
Thetas: 
	T0 = -88.9998	T1 = -544.954	T2 = 9.75562	T3 = 4.9358
Mean Squared Error: 2.12374e+08
Predictions:
f(18) = 22048.2
f(-26) = -66076.9
f(25) = 69506.2
f(-10) = 1400.31
f(-26) = -66076.9
f(10) = 372.814
f(-19) = -20067.7
f(8) = -1297.15
