Thetas: 
	T0 = -1	T1 = -1.80747e-06
Mean Squared Error: 2.95261e-10
Predictions:
f(-15) = -0.999973
f(-4) = -0.999993
f(5) = -1.00001
f(2) = -1
Thetas: 
	T0 = 15.1006	T1 = -2.35494	T2 = -0.904822
Mean Squared Error: 4014.26
Predictions:
f(21) = -433.38
f(-14) = -129.275
f(4) = -8.79637
f(5) = -19.2947
f(-9) = -36.9955
f(-2) = 16.1912
Thetas: 
	T0 = -1.29582	T1 = 15.4673	T2 = 12.2663	T3 = -3.3469
Mean Squared Error: 1.38905e+08
Predictions:
f(1) = 23.0909
f(-31) = 111015
f(-14) = 11370.2
f(-22) = 41233.1
f(-11) = 5767.51
f(5) = -35.6643
f(30) = -78863.9
f(-15) = 13822.4
