Thetas: 
	T0 = -2	T1 = 0.999999
Mean Squared Error: 5.46366e-11
Predictions:
f(10) = 7.99999
f(-3) = -5
f(15) = 13
f(-5) = -6.99999
Thetas: 
	T0 = -12.8981	T1 = 0.295429	T2 = 0.994499
Mean Squared Error: 2128.22
Predictions:
f(20) = 390.81
f(-1) = -12.1991
f(2) = -8.32928
f(-4) = 1.83214
f(22) = 474.939
f(22) = 474.939
Thetas: 
	T0 = -91.9002	T1 = -540.281	T2 = 9.68581	T3 = 4.92952
Mean Squared Error: 2.13179e+08
Predictions:
f(18) = 22070.2
f(-26) = -66138.2
f(25) = 69478.4
f(-10) = 1349.97
f(-26) = -66138.2
f(10) = 403.391
f(-19) = -20141.6
f(8) = -1270.34
