Thetas: 
	T0 = 1	T1 = 2
Mean Squared Error: 4.11338e-11
Predictions:
f(14) = 29
f(-5) = -9
f(-14) = -27
f(13) = 27
Thetas: 
	T0 = 0.327024	T1 = -2.24426	T2 = -2.86621
Mean Squared Error: inf
Predictions:
f(-18) = -887.927
f(2) = -15.6263
f(-4) = -36.5552
f(-17) = -789.854
f(16) = -769.33
f(21) = -1310.8
Thetas: 
	T0 = 0	T1 = 0	T2 = 0	T3 = 0
Mean Squared Error: inf
Predictions:
f(4) = 0
f(30) = 0
f(12) = 0
f(-11) = 0
f(-24) = 0
f(-18) = 0
f(31) = 0
f(-30) = 0
