Thetas: 
	T0 = -1	T1 = 0.999999
Mean Squared Error: 1.1305e-10
Predictions:
f(-16) = -17
f(1) = -1.33274e-06
f(13) = 12
f(5) = 3.99999
Thetas: 
	T0 = 8.63749	T1 = -1.94997	T2 = -0.114595
Mean Squared Error: 282.941
Predictions:
f(-14) = 13.4766
f(-5) = 15.5225
f(-22) = -3.92688
f(-6) = 16.2119
f(-19) = 4.31833
f(2) = 4.27916
Thetas: 
	T0 = 82.9238	T1 = 551.8	T2 = 12.1353	T3 = -4.65241
Mean Squared Error: 1.35899e+08
Predictions:
f(-5) = -1791.14
f(30) = -98056.4
f(19) = -16962.9
f(-32) = 147302
f(23) = -37412
f(-30) = 120066
f(0) = 82.9238
f(-1) = -452.089
