Thetas: 
	T0 = -2	T1 = 0.999999
Mean Squared Error: 5.46366e-11
Predictions:
f(10) = 7.99999
f(-3) = -5
f(15) = 13
f(-5) = -6.99999
Thetas: 
	T0 = -12.8998	T1 = 0.295796	T2 = 0.994496
Mean Squared Error: 2129.41
Predictions:
f(20) = 390.815
f(-1) = -12.2011
f(2) = -8.33021
f(-4) = 1.82897
f(22) = 474.944
f(22) = 474.944
Thetas: 
	T0 = -88.9832	T1 = -544.872	T2 = 9.75571	T3 = 4.93566
Mean Squared Error: 2.12378e+08
Predictions:
f(18) = 22048.9
f(-26) = -66076.6
f(25) = 69506.2
f(-10) = 1399.65
f(-26) = -66076.6
f(10) = 373.529
f(-19) = -20068.3
f(8) = -1296.54
