Thetas: 
	T0 = -2	T1 = 0.999999
Mean Squared Error: 5.46366e-11
Predictions:
f(10) = 7.99999
f(-3) = -5
f(15) = 13
f(-5) = -6.99999
Thetas: 
	T0 = -12.8981	T1 = 0.295429	T2 = 0.994499
Mean Squared Error: 2128.22
Predictions:
f(20) = 390.81
f(-1) = -12.1991
f(2) = -8.32928
f(-4) = 1.83214
f(22) = 474.939
f(22) = 474.939
Thetas: 
	T0 = -1.52932	T1 = -14.81	T2 = 10.4138	T3 = 4.0669
Mean Squared Error: 2.52523e+08
Predictions:
f(18) = 26824.1
f(-26) = -64056.5
f(25) = 69682.1
f(-10) = -2878.94
f(-26) = -64056.5
f(10) = 4958.65
f(-19) = -23855.6
f(8) = 2628.72
