Thetas: 
	T0 = 1	T1 = 2.59331e-06
Mean Squared Error: 8.84752e-10
Predictions:
f(14) = 1.00004
f(11) = 1.00003
f(0) = 1
f(-5) = 0.999987
Thetas: 
	T0 = -24.1119	T1 = -2.21044	T2 = 1.57733
Mean Squared Error: 28845.2
Predictions:
f(-9) = 123.546
f(24) = 831.378
f(3) = -16.5472
f(6) = 19.4093
f(15) = 297.63
f(10) = 111.516
Thetas: 
	T0 = 112.339	T1 = -325.911	T2 = -16.9378	T3 = 2.68729
Mean Squared Error: 4.40436e+07
Predictions:
f(-22) = -29529.8
f(9) = -2233.78
f(2) = -585.736
f(-10) = -1009.63
f(-9) = -285.467
f(-10) = -1009.63
f(32) = 60396.1
f(-10) = -1009.63
