Thetas: 
	T0 = 1	T1 = -2.97297e-06
Mean Squared Error: 1.31316e-09
Predictions:
f(14) = 0.999958
f(11) = 0.999967
f(0) = 1
f(-5) = 1.00001
Thetas: 
	T0 = -11.7255	T1 = -1.06173	T2 = 1.49997
Mean Squared Error: 32089.8
Predictions:
f(-9) = 119.328
f(24) = 826.776
f(3) = -1.41099
f(6) = 35.903
f(15) = 309.842
f(10) = 127.654
Thetas: 
	T0 = 114.85	T1 = -336.563	T2 = -16.6982	T3 = 2.70592
Mean Squared Error: 4.41689e+07
Predictions:
f(-22) = -29375.3
f(9) = -2294.16
f(2) = -603.421
f(-10) = -895.258
f(-9) = -181.252
f(-10) = -895.258
f(32) = 60913.4
f(-10) = -895.258
