Thetas: 
	T0 = -1	T1 = 1
Mean Squared Error: 5.96515e-10
Predictions:
f(15) = 14
f(12) = 11
f(16) = 15
f(5) = 4.00001
Thetas: 
	T0 = -21.506	T1 = -3.50224	T2 = 2.96569
Mean Squared Error: 102669
Predictions:
f(13) = 434.167
f(-9) = 250.235
f(-15) = 698.309
f(4) = 11.9362
f(24) = 1602.68
f(9) = 187.195
Thetas: 
	T0 = 0.381373	T1 = -0.58772	T2 = 2.26609	T3 = -0.0165724
Mean Squared Error: inf
Predictions:
f(-15) = 575
f(32) = 1759.01
f(9) = 166.564
f(-1) = 3.25176
f(-1) = 3.25176
f(-23) = 1414.3
f(-21) = 1165.55
f(-8) = 158.598
