Thetas: 
	T0 = -1	T1 = -1.80747e-06
Mean Squared Error: 2.95261e-10
Predictions:
f(-15) = -0.999973
f(-4) = -0.999993
f(5) = -1.00001
f(2) = -1
Thetas: 
	T0 = 15.1006	T1 = -2.35494	T2 = -0.904822
Mean Squared Error: 4014.26
Predictions:
f(21) = -433.38
f(-14) = -129.275
f(4) = -8.79637
f(5) = -19.2947
f(-9) = -36.9955
f(-2) = 16.1912
Thetas: 
	T0 = -51.8414	T1 = 426.699	T2 = 10.0766	T3 = -3.97914
Mean Squared Error: 1.19241e+08
Predictions:
f(1) = 380.955
f(-31) = 114947
f(-14) = 6868.16
f(-22) = 37807.8
f(-11) = 1769.98
f(5) = 1836.18
f(30) = -85618.8
f(-15) = 9244.52
