Thetas: 
	T0 = -1	T1 = -1.80747e-06
Mean Squared Error: 2.95261e-10
Predictions:
f(-15) = -0.999973
f(-4) = -0.999993
f(5) = -1.00001
f(2) = -1
Thetas: 
	T0 = 15.1044	T1 = -2.3534	T2 = -0.904831
Mean Squared Error: 4018.12
Predictions:
f(21) = -433.347
f(-14) = -129.295
f(4) = -8.78651
f(5) = -19.2834
f(-9) = -37.0063
f(-2) = 16.1919
Thetas: 
	T0 = -51.8404	T1 = 426.702	T2 = 10.0694	T3 = -3.91877
Mean Squared Error: 1.19241e+08
Predictions:
f(1) = 381.013
f(-31) = 113141
f(-14) = 6701.02
f(-22) = 37161.3
f(-11) = 1688.71
f(5) = 1843.56
f(30) = -83995
f(-15) = 9039.08
