Thetas: 
	T0 = 1	T1 = -2.97297e-06
Mean Squared Error: 1.31316e-09
Predictions:
f(14) = 0.999958
f(11) = 0.999967
f(0) = 1
f(-5) = 1.00001
Thetas: 
	T0 = -25.5309	T1 = -1.30831	T2 = 1.54575
Mean Squared Error: 31172.2
Predictions:
f(-9) = 111.45
f(24) = 833.424
f(3) = -15.544
f(6) = 22.2664
f(15) = 302.639
f(10) = 115.961
Thetas: 
	T0 = 114.849	T1 = -336.56	T2 = -16.6983	T3 = 2.70591
Mean Squared Error: 4.41688e+07
Predictions:
f(-22) = -29375.4
f(9) = -2294.14
f(2) = -603.417
f(-10) = -895.287
f(-9) = -181.277
f(-10) = -895.287
f(32) = 60913.3
f(-10) = -895.287
