Thetas: 
	T0 = -1	T1 = -1.67038e-06
Mean Squared Error: 2.32863e-10
Predictions:
f(1) = -1
f(-1) = -0.999998
f(2) = -1
f(-15) = -0.999975
Thetas: 
	T0 = 2.87997	T1 = 1.35264	T2 = -0.0811193
Mean Squared Error: 106.566
Predictions:
f(4) = 6.99263
f(-2) = -0.149787
f(16) = 3.7557
f(-4) = -3.8285
f(-12) = -25.0329
f(5) = 7.6152
Thetas: 
	T0 = 96.5436	T1 = 152.975	T2 = -18.4853	T3 = -3.32996
Mean Squared Error: 1.13385e+08
Predictions:
f(-27) = 48034
f(-13) = 2299.77
f(7) = -880.592
f(30) = -101860
f(3) = 299.19
f(-15) = 4881.33
f(-15) = 4881.33
f(7) = -880.592
