Thetas: 
	T0 = -2	T1 = 0.999999
Mean Squared Error: 5.46366e-11
Predictions:
f(10) = 7.99999
f(-3) = -5
f(15) = 13
f(-5) = -6.99999
Thetas: 
	T0 = -12.8981	T1 = 0.295429	T2 = 0.994499
Mean Squared Error: 2128.22
Predictions:
Thetas: 
	T0 = 0	T1 = 0
Mean Squared Error: 54402
Predictions:
f(22) = 0
f(2.22222e-05) = 0
f(90000) = 0
f(4) = 0
f(16) = 0
f(8) = 0
f(28) = 0
f(25) = 0
f(27) = 0
f(-29) = 0
f(-21) = 0
f(-23) = 0
f(-5) = 0
f(-11) = 0
f(-17) = 0
f(1) = 0
f(-6) = 0
f(5) = 0
f(-1) = 0
f(-11) = 0
f(-1) = 0
f(14) = 0
