Thetas: 
	T0 = 1	T1 = 2
Mean Squared Error: 4.11338e-11
Predictions:
f(14) = 29
f(-5) = -9
f(-14) = -27
f(13) = 27
Thetas: 
	T0 = 16.7674	T1 = -4.71604	T2 = -2.94783
Mean Squared Error: 23061.9
Predictions:
f(-18) = -853.441
f(2) = -4.45596
f(-4) = -11.5337
f(-17) = -754.983
f(16) = -813.334
f(21) = -1382.26
Thetas: 
	T0 = 1.1788	T1 = 9.28196	T2 = -10.9554	T3 = -1.30473
Mean Squared Error: 1.18759e+08
Predictions:
f(4) = -136.98
f(30) = -9580.22
f(12) = -1465.01
f(-11) = -1426.53
f(-24) = -6531.89
f(-18) = -3715.44
f(31) = -10239.2
f(-30) = -10137.1
