Thetas: 
	T0 = -2	T1 = -2
Mean Squared Error: 1.14995e-10
Predictions:
f(12) = -26
f(11) = -24
f(3) = -8
f(-2) = 2
Thetas: 
	T0 = -27.7477	T1 = -8.21999	T2 = 3.61554
Mean Squared Error: 29196.3
Predictions:
f(5) = 21.541
f(18) = 995.729
f(5) = 21.541
f(-2) = 3.15441
f(-22) = 1903.02
f(4) = -2.77897
Thetas: 
	T0 = 3.99584	T1 = 18.9099	T2 = -6.99403	T3 = -2.73395
Mean Squared Error: 3.17603e+07
Predictions:
f(0) = 3.99584
f(1) = 13.1778
f(-16) = 9109.24
f(-27) = 48207.2
f(-6) = 229.285
f(-23) = 29133.2
f(26) = -52284.3
f(13) = -6938.66
