Thetas: 
	T0 = -1	T1 = 0.999999
Mean Squared Error: 31.9999
Predictions:
f(-16) = -17
f(1) = -1.33274e-06
f(13) = 12
f(5) = 3.99999
Thetas: 
	T0 = 8.50135	T1 = -2.17519	T2 = -0.102357
Mean Squared Error: 246.645
Predictions:
f(-14) = 18.892
f(-5) = 16.8184
f(-22) = 6.81455
f(-6) = 17.8676
f(-19) = 12.8789
f(2) = 3.74154
Thetas: 
	T0 = 82.9328	T1 = 551.785	T2 = 12.1437	T3 = -4.60563
Mean Squared Error: 1.35891e+08
Predictions:
f(-5) = -1796.7
f(30) = -96786.1
f(19) = -16639.3
f(-32) = 145778
f(23) = -36838.7
f(-30) = 118811
f(0) = 82.9328
f(-1) = -452.103
