Thetas: 
	T0 = -2	T1 = -2
Mean Squared Error: 1.14995e-10
Predictions:
f(12) = -26
f(11) = -24
f(3) = -8
f(-2) = 2
Thetas: 
	T0 = -27.7477	T1 = -8.21999	T2 = 3.61554
Mean Squared Error: 29196.3
Predictions:
f(5) = 21.541
f(18) = 995.729
f(5) = 21.541
f(-2) = 3.15441
f(-22) = 1903.02
f(4) = -2.77897
Thetas: 
	T0 = 34.7395	T1 = 146.517	T2 = -7.47017	T3 = -2.95639
Mean Squared Error: 2.91628e+07
Predictions:
f(0) = 34.7395
f(1) = 170.83
f(-16) = 7887.48
f(-27) = 48823.6
f(-6) = -474.706
f(-23) = 28683.5
f(26) = -53167.2
f(13) = -5818.19
