Thetas: 
	T0 = -1	T1 = 0.999999
Mean Squared Error: 1.1305e-10
Predictions:
f(-16) = -17
f(1) = -1.33274e-06
f(13) = 12
f(5) = 3.99999
Thetas: 
	T0 = 8.63749	T1 = -1.94997	T2 = -0.114595
Mean Squared Error: 282.941
Predictions:
f(-14) = 13.4766
f(-5) = 15.5225
f(-22) = -3.92688
f(-6) = 16.2119
f(-19) = 4.31833
f(2) = 4.27916
Thetas: 
	T0 = 86.8732	T1 = 541.251	T2 = 12.9609	T3 = -4.6185
Mean Squared Error: 1.33435e+08
Predictions:
f(-5) = -1718.05
f(30) = -96710.2
f(19) = -16628.7
f(-32) = 147378
f(23) = -36801.3
f(-30) = 120214
f(0) = 86.8732
f(-1) = -436.799
