Thetas: 
	T0 = -1	T1 = 0.999999
Mean Squared Error: 1.1305e-10
Predictions:
f(-16) = -17
f(1) = -1.33274e-06
f(13) = 12
f(5) = 3.99999
Thetas: 
	T0 = 8.63749	T1 = -1.94997	T2 = -0.114595
Mean Squared Error: 282.941
Predictions:
f(-14) = 13.4766
f(-5) = 15.5225
f(-22) = -3.92688
f(-6) = 16.2119
f(-19) = 4.31833
f(2) = 4.27916
Thetas: 
	T0 = 39.877	T1 = 274.386	T2 = 10.2296	T3 = -4.13087
Mean Squared Error: 1.54111e+08
Predictions:
f(-5) = -559.955
f(30) = -94055.4
f(19) = -19387.5
f(-32) = 137095
f(23) = -38498.1
f(-30) = 112548
f(0) = 39.877
f(-1) = -220.149
