Thetas: 
	T0 = -1	T1 = 1
Mean Squared Error: 7.73121e+10
Predictions:
f(15) = 14
f(12) = 11
f(16) = 15
f(5) = 4.00001
Thetas: 
	T0 = 0	T1 = 0	T2 = 0
Mean Squared Error: 404708
Predictions:
f(13) = 0
f(-9) = 0
f(-15) = 0
f(4) = 0
f(24) = 0
f(9) = 0
Thetas: 
	T0 = 0	T1 = 0	T2 = 0	T3 = 0
Mean Squared Error: 654986
Predictions:
f(-15) = 0
f(32) = 0
f(9) = 0
f(-1) = 0
f(-1) = 0
f(-23) = 0
f(-21) = 0
f(-8) = 0
