Thetas: 
	T0 = -1	T1 = 0.999999
Mean Squared Error: 1.1305e-10
Predictions:
f(-16) = -17
f(1) = -1.33274e-06
f(13) = 12
f(5) = 3.99999
Thetas: 
	T0 = 7.13822	T1 = -1.98434	T2 = -0.108807
Mean Squared Error: 291.049
Predictions:
f(-14) = 13.5927
f(-5) = 14.3397
f(-22) = -1.86911
f(-6) = 15.1272
f(-19) = 5.56118
f(2) = 2.73431
Thetas: 
	T0 = 82.9236	T1 = 551.806	T2 = 12.1425	T3 = -4.60562
Mean Squared Error: 1.35899e+08
Predictions:
f(-5) = -1796.84
f(30) = -96786.3
f(19) = -16639.2
f(-32) = 145776
f(23) = -36838.7
f(-30) = 118809
f(0) = 82.9236
f(-1) = -452.134
