Thetas: 
	T0 = -1	T1 = 0.999998
Mean Squared Error: 4.81472e-10
Predictions:
f(-8) = -8.99998
f(16) = 15
f(4) = 2.99999
f(4) = 2.99999
Thetas: 
	T0 = 35.3551	T1 = 0.551168	T2 = -0.95239
Mean Squared Error: 7068.79
Predictions:
f(22) = -413.476
f(-22) = -437.727
f(17) = -230.516
f(-14) = -159.03
f(21) = -373.074
f(1) = 34.9539
Thetas: 
	T0 = -68.9358	T1 = 299.606	T2 = 7.67932	T3 = -2.72247
Mean Squared Error: 9.08435e+07
Predictions:
f(-15) = 6353.17
f(4) = 1078.12
f(19) = -10277.6
f(-7) = -856.082
f(23) = -22240
f(18) = -8065.4
f(11) = 532.314
f(-10) = 425.411
