Thetas: 
	T0 = 0	T1 = 0
Mean Squared Error: 0
Predictions:
f(-1) = 0
f(1) = 0
f(-11) = 0
f(-9) = 0
Thetas: 
	T0 = 7.53977	T1 = -0.374585	T2 = -0.904823
Mean Squared Error: 5427.5
Predictions:
f(-13) = -140.506
f(17) = -260.322
f(12) = -127.25
f(8) = -53.3656
f(23) = -479.727
f(22) = -438.636
Thetas: 
	T0 = 53.4382	T1 = -370.114	T2 = -8.05778	T3 = 2.97445
Mean Squared Error: 8.60902e+07
Predictions:
f(13) = 415.067
f(31) = 69448.3
f(29) = 55087.5
f(-25) = -42205.7
f(21) = 16274
f(21) = 16274
f(6) = -1814.84
f(19) = 10514.2
