Thetas: 
	T0 = 1	T1 = 2
Mean Squared Error: 4.11338e-11
Predictions:
f(14) = 29
f(-5) = -9
f(-14) = -27
f(13) = 27
Thetas: 
	T0 = 16.7674	T1 = -4.71604	T2 = -2.94783
Mean Squared Error: 23061.9
Predictions:
f(-18) = -853.441
f(2) = -4.45596
f(-4) = -11.5337
f(-17) = -754.983
f(16) = -813.334
f(21) = -1382.26
Thetas: 
	T0 = 0	T1 = 0	T2 = 0	T3 = 0
Mean Squared Error: 1.37395e+08
Predictions:
f(4) = 0
f(30) = 0
f(12) = 0
f(-11) = 0
f(-24) = 0
f(-18) = 0
f(31) = 0
f(-30) = 0
