Thetas: 
	T0 = 1	T1 = -2.97297e-06
Mean Squared Error: 1.31316e-09
Predictions:
f(14) = 0.999958
f(11) = 0.999967
f(0) = 1
f(-5) = 1.00001
Thetas: 
	T0 = -25.5293	T1 = -1.31232	T2 = 1.54601
Mean Squared Error: 31151.1
Predictions:
f(-9) = 111.508
f(24) = 833.477
f(3) = -15.5522
f(6) = 22.2532
f(15) = 302.638
f(10) = 115.949
Thetas: 
	T0 = 85.035	T1 = -266.178	T2 = -17.1484	T3 = 2.59469
Mean Squared Error: 4.83301e+08
Predictions:
f(-22) = -2358.89
f(9) = -3699.59
f(2) = -515.915
f(-10) = 1031.97
f(-9) = 1091.61
f(-10) = 1031.97
f(32) = -25992.7
f(-10) = 1031.97
