Thetas: 
	T0 = -1	T1 = 0.999999
Mean Squared Error: 1.1305e-10
Predictions:
f(-16) = -17
f(1) = -1.33274e-06
f(13) = 12
f(5) = 3.99999
Thetas: 
	T0 = 10.1431	T1 = -1.91549	T2 = -0.120546
Mean Squared Error: 276.855
Predictions:
f(-14) = 13.3328
f(-5) = 16.7068
f(-22) = -6.06072
f(-6) = 17.2963
f(-19) = 3.02003
f(2) = 5.82992
Thetas: 
	T0 = 82.9236	T1 = 551.806	T2 = 12.1425	T3 = -4.60562
Mean Squared Error: 1.35899e+08
Predictions:
f(-5) = -1796.84
f(30) = -96786.3
f(19) = -16639.2
f(-32) = 145776
f(23) = -36838.7
f(-30) = 118809
f(0) = 82.9236
f(-1) = -452.134
