Thetas: 
	T0 = -2	T1 = 0.999999
Mean Squared Error: 5.46366e-11
Predictions:
f(10) = 7.99999
f(-3) = -5
f(15) = 13
f(-5) = -6.99999
Thetas: 
	T0 = -12.8981	T1 = 0.295429	T2 = 0.994499
Mean Squared Error: 2128.22
Predictions:
f(20) = 390.81
f(-1) = -12.1991
f(2) = -8.32928
f(-4) = 1.83214
f(22) = 474.939
f(22) = 474.939
Thetas: 
	T0 = -0.0407096	T1 = -3.71009	T2 = 10.3424	T3 = 4.04874
Mean Squared Error: 2.53611e+08
Predictions:
f(18) = 26896.4
f(-26) = -64072.8
f(25) = 69632.8
f(-10) = -2977.44
f(-26) = -64072.8
f(10) = 5045.84
f(-19) = -23966.3
f(8) = 2705.15
