Thetas: 
	T0 = -1	T1 = -1.67038e-06
Mean Squared Error: 2.32863e-10
Predictions:
f(1) = -1
f(-1) = -0.999998
f(2) = -1
f(-15) = -0.999975
Thetas: 
	T0 = 2.8391	T1 = 1.35387	T2 = -0.0808314
Mean Squared Error: 6.35796e+193
Predictions:
f(4) = 6.96126
f(-2) = -0.19196
f(16) = 3.80813
f(-4) = -3.86967
f(-12) = -25.047
f(5) = 7.58765
Thetas: 
	T0 = 0	T1 = 0	T2 = 0	T3 = 0
Mean Squared Error: 3.5322e+193
Predictions:
f(-27) = 0
f(-13) = 0
f(7) = 0
f(30) = 0
f(3) = 0
f(-15) = 0
f(-15) = 0
f(7) = 0
