Thetas: 
	T0 = -1	T1 = 0.999999
Mean Squared Error: 1.1305e-10
Predictions:
f(-16) = -17
f(1) = -1.33274e-06
f(13) = 12
f(5) = 3.99999
Thetas: 
	T0 = 8.63749	T1 = -1.94997	T2 = -0.114595
Mean Squared Error: 282.941
Predictions:
f(-14) = 13.4766
f(-5) = 15.5225
f(-22) = -3.92688
f(-6) = 16.2119
f(-19) = 4.31833
f(2) = 4.27916
Thetas: 
	T0 = 2.12077	T1 = 13.7042	T2 = 8.41919	T3 = -3.73151
Mean Squared Error: 1.48569e+09
Predictions:
f(-5) = 144.08
f(30) = 7990.52
f(19) = 3301.83
f(-32) = 8184.84
f(23) = 4771.07
f(-30) = 7168.27
f(0) = 2.12077
f(-1) = 0.567271
