Thetas: 
	T0 = -2	T1 = 0.999999
Mean Squared Error: 5.46366e-11
Predictions:
f(10) = 7.99999
f(-3) = -5
f(15) = 13
f(-5) = -6.99999
Thetas: 
	T0 = -12.8981	T1 = 0.295429	T2 = 0.994499
Mean Squared Error: 2128.22
Predictions:
f(20) = 390.81
f(-1) = -12.1991
f(2) = -8.32928
f(-4) = 1.83214
f(22) = 474.939
f(22) = 474.939
Thetas: 
	T0 = -88.9832	T1 = -544.861	T2 = 9.75537	T3 = 4.93444
Mean Squared Error: 2.12369e+08
Predictions:
f(18) = 22047.8
f(-26) = -66078
f(25) = 69507.1
f(-10) = 1399.96
f(-26) = -66078
f(10) = 373.147
f(-19) = -20067.2
f(8) = -1296.7
