Thetas: 
	T0 = 0	T1 = 0
Mean Squared Error: 0
Predictions:
f(-1) = 0
f(1) = 0
f(-11) = 0
f(-9) = 0
Thetas: 
	T0 = 17.7259	T1 = -0.344087	T2 = -0.935159
Mean Squared Error: 5068.29
Predictions:
f(-13) = -135.843
f(17) = -258.385
f(12) = -121.066
f(8) = -44.877
f(23) = -484.887
f(22) = -442.461
Thetas: 
	T0 = 53.4382	T1 = -370.114	T2 = -8.05778	T3 = 2.97445
Mean Squared Error: 8.60902e+07
Predictions:
f(13) = 415.067
f(31) = 69448.3
f(29) = 55087.5
f(-25) = -42205.7
f(21) = 16274
f(21) = 16274
f(6) = -1814.84
f(19) = 10514.2
