Thetas: 
	T0 = -1	T1 = 1
Mean Squared Error: 5.96515e-10
Predictions:
f(15) = 14
f(12) = 11
f(16) = 15
f(5) = 4.00001
Thetas: 
	T0 = -20.4073	T1 = -5.0486	T2 = 3.0112
Mean Squared Error: 91503.2
Predictions:
f(13) = 422.854
f(-9) = 268.937
f(-15) = 732.842
f(4) = 7.57749
f(24) = 1592.88
f(9) = 178.063
Thetas: 
	T0 = 2.57971	T1 = -8.68939	T2 = 2.34776	T3 = -0.00219554
Mean Squared Error: 95681.2
Predictions:
f(-15) = 668.576
f(32) = 2056.68
f(9) = 112.943
f(-1) = 13.6191
f(-1) = 13.6191
f(-23) = 1471.11
f(-21) = 1240.75
f(-8) = 223.475
