Thetas: 
	T0 = -1	T1 = 1
Mean Squared Error: 5.96515e-10
Predictions:
f(15) = 14
f(12) = 11
f(16) = 15
f(5) = 4.00001
Thetas: 
	T0 = -21.5065	T1 = -3.50184	T2 = 2.96568
Mean Squared Error: 102675
Predictions:
f(13) = 434.17
f(-9) = 250.23
f(-15) = 698.3
f(4) = 11.9371
f(24) = 1602.68
f(9) = 187.197
Thetas: 
	T0 = 1.88621	T1 = -7.17631	T2 = 2.30945	T3 = -0.00544767
Mean Squared Error: 100921
Predictions:
f(-15) = 647.544
f(32) = 1958.62
f(9) = 120.394
f(-1) = 11.3774
f(-1) = 11.3774
f(-23) = 1454.92
f(-21) = 1221.51
f(-8) = 209.891
