Thetas: 
	T0 = -0.594677	T1 = 0.997683
Mean Squared Error: 7.36607e+81
Predictions:
f(-16) = -16.5576
f(1) = 0.403006
f(13) = 12.3752
f(5) = 4.39374
Thetas: 
	T0 = 0	T1 = 0	T2 = 0
Mean Squared Error: 2.94643e+81
Predictions:
f(-14) = 0
f(-5) = 0
f(-22) = 0
f(-6) = 0
f(-19) = 0
f(2) = 0
Thetas: 
	T0 = 9.69557e+19	T1 = -3.75508e+20	T2 = 1.45434e+21	T3 = -5.63262e+21
Mean Squared Error: 1.63691e+81
Predictions:
f(-5) = 7.4241e+23
f(30) = -1.50783e+26
f(19) = -3.81162e+25
f(-32) = 1.86071e+26
f(23) = -6.77713e+25
f(-30) = 1.53401e+26
f(0) = 9.69557e+19
f(-1) = 7.55942e+21
