Thetas: 
	T0 = -1.98595	T1 = 0.999933
Mean Squared Error: 0.00169002
Predictions:
f(10) = 8.01338
f(-3) = -4.98575
f(15) = 13.013
f(-5) = -6.98562
Thetas: 
	T0 = -12.9321	T1 = 0.305645	T2 = 0.994263
Mean Squared Error: 2151.63
Predictions:
f(20) = 390.886
f(-1) = -12.2435
f(2) = -8.34375
f(-4) = 1.75354
f(22) = 475.015
f(22) = 475.015
Thetas: 
	T0 = -88.8819	T1 = -545.034	T2 = 9.75676	T3 = 4.93591
Mean Squared Error: 2.12362e+08
Predictions:
f(18) = 22047.9
f(-26) = -66075.9
f(25) = 69506.8
f(-10) = 1401.23
f(-26) = -66075.9
f(10) = 372.36
f(-19) = -20066.4
f(8) = -1297.54
