Thetas: 
	T0 = -1	T1 = 1
Mean Squared Error: 5.96515e-10
Predictions:
f(15) = 14
f(12) = 11
f(16) = 15
f(5) = 4.00001
Thetas: 
	T0 = -21.506	T1 = -3.50224	T2 = 2.96569
Mean Squared Error: 102669
Predictions:
f(13) = 434.167
f(-9) = 250.235
f(-15) = 698.309
f(4) = 11.9362
f(24) = 1602.68
f(9) = 187.195
Thetas: 
	T0 = 1.26781	T1 = -7.19597	T2 = 2.31179	T3 = -0.00537085
Mean Squared Error: 100919
Predictions:
f(-15) = 647.488
f(32) = 1962.28
f(9) = 119.844
f(-1) = 10.7809
f(-1) = 10.7809
f(-23) = 1455.06
f(-21) = 1221.62
f(-8) = 209.54
