Thetas: 
	T0 = 1	T1 = 2
Mean Squared Error: 4.11338e-11
Predictions:
f(14) = 29
f(-5) = -9
f(-14) = -27
f(13) = 27
Thetas: 
	T0 = -2.94741	T1 = 0.139652	T2 = 0.00366077
Mean Squared Error: 56.7771
Predictions:
f(-18) = -4.27506
f(2) = -2.65346
f(-4) = -3.44744
f(-17) = -4.26353
f(16) = 0.22418
f(21) = 1.59968
Thetas: 
	T0 = 0	T1 = 0	T2 = 0	T3 = 0
Mean Squared Error: 38.6127
Predictions:
f(4) = 0
f(30) = 0
f(12) = 0
f(-11) = 0
f(-24) = 0
f(-18) = 0
f(31) = 0
f(-30) = 0
