Thetas: 
	T0 = -1	T1 = 1
Mean Squared Error: 5.96515e-10
Predictions:
f(15) = 14
f(12) = 11
f(16) = 15
f(5) = 4.00001
Thetas: 
	T0 = -7.87901	T1 = -3.4748	T2 = 2.9055
Mean Squared Error: 274542
Predictions:
f(13) = 437.978
f(-9) = 258.74
f(-15) = 697.98
f(4) = 24.7098
f(24) = 1582.29
f(9) = 196.193
Thetas: 
	T0 = 3.39868	T1 = -6.89501	T2 = 2.20499	T3 = -0.00418299
Mean Squared Error: 155890
Predictions:
f(-15) = 617.065
f(32) = 1903.6
f(9) = 116.899
f(-1) = 12.5029
f(-1) = 12.5029
f(-23) = 1379.32
f(-21) = 1159.33
f(-8) = 201.82
