Thetas: 
	T0 = 1	T1 = 2
Mean Squared Error: 4.11338e-11
Predictions:
f(14) = 29
f(-5) = -9
f(-14) = -27
f(13) = 27
Thetas: 
	T0 = 16.7674	T1 = -4.71604	T2 = -2.94783
Mean Squared Error: 23061.9
Predictions:
f(-18) = -853.441
f(2) = -4.45596
f(-4) = -11.5337
f(-17) = -754.983
f(16) = -813.334
f(21) = -1382.26
Thetas: 
	T0 = 108.856	T1 = -492.112	T2 = -20.0718	T3 = 15.8428
Mean Squared Error: 6.6262e+07
Predictions:
f(4) = -2180.74
f(30) = -32719.2
f(12) = -8686.83
f(-11) = 3093.4
f(-24) = 358.166
f(-18) = 2463.6
f(31) = -34435.7
f(-30) = -3192.44
