Thetas: 
	T0 = -1	T1 = 0.999999
Mean Squared Error: 1.1305e-10
Predictions:
f(-16) = -17
f(1) = -1.33274e-06
f(13) = 12
f(5) = 3.99999
Thetas: 
	T0 = 4.0523	T1 = -2.05508	T2 = -0.097036
Mean Squared Error: 314.164
Predictions:
f(-14) = 13.8044
f(-5) = 11.9018
f(-22) = 2.29868
f(-6) = 12.8895
f(-19) = 8.06886
f(2) = -0.446013
Thetas: 
	T0 = 82.9236	T1 = 551.806	T2 = 12.1425	T3 = -4.60562
Mean Squared Error: 1.35899e+08
Predictions:
f(-5) = -1796.84
f(30) = -96786.3
f(19) = -16639.2
f(-32) = 145776
f(23) = -36838.7
f(-30) = 118809
f(0) = 82.9236
f(-1) = -452.134
