Thetas: 
	T0 = 1	T1 = -2.97297e-06
Mean Squared Error: 1.31316e-09
Predictions:
f(14) = 0.999958
f(11) = 0.999967
f(0) = 1
f(-5) = 1.00001
Thetas: 
	T0 = -17.9301	T1 = -1.17437	T2 = 1.52056
Mean Squared Error: 31645.8
Predictions:
f(-9) = 115.804
f(24) = 829.727
f(3) = -7.76821
f(6) = 29.7638
f(15) = 306.58
f(10) = 122.382
Thetas: 
	T0 = 114.85	T1 = -336.563	T2 = -16.6982	T3 = 2.70592
Mean Squared Error: 4.41689e+07
Predictions:
f(-22) = -29375.3
f(9) = -2294.16
f(2) = -603.421
f(-10) = -895.258
f(-9) = -181.252
f(-10) = -895.258
f(32) = 60913.4
f(-10) = -895.258
