Thetas: 
	T0 = -1	T1 = 1
Mean Squared Error: 5.96515e-10
Predictions:
f(15) = 14
f(12) = 11
f(16) = 15
f(5) = 4.00001
Thetas: 
	T0 = -21.506	T1 = -3.50224	T2 = 2.96569
Mean Squared Error: 102669
Predictions:
f(13) = 434.167
f(-9) = 250.235
f(-15) = 698.309
f(4) = 11.9362
f(24) = 1602.68
f(9) = 187.195
Thetas: 
	T0 = 0.507424	T1 = -1.15171	T2 = 2.26997	T3 = -0.0156149
Mean Squared Error: 104309
Predictions:
f(-15) = 581.227
f(32) = 1776.44
f(9) = 162.627
f(-1) = 3.94472
f(-1) = 3.94472
f(-23) = 1417.8
f(-21) = 1170.36
f(-8) = 162.994
