Thetas: 
	T0 = 0.356938	T1 = 1.94336
Mean Squared Error: inf
Predictions:
f(14) = 27.564
f(-5) = -9.35986
f(-14) = -26.8501
f(13) = 25.6206
Thetas: 
	T0 = 0	T1 = 0	T2 = 0
Mean Squared Error: inf
Predictions:
f(-18) = 0
f(2) = 0
f(-4) = 0
f(-17) = 0
f(16) = 0
f(21) = 0
Thetas: 
	T0 = 0	T1 = 0	T2 = 0	T3 = 0
Mean Squared Error: inf
Predictions:
f(4) = 0
f(30) = 0
f(12) = 0
f(-11) = 0
f(-24) = 0
f(-18) = 0
f(31) = 0
f(-30) = 0
