Thetas: 
	T0 = -1	T1 = 0.999999
Mean Squared Error: 1.1305e-10
Predictions:
f(-16) = -17
f(1) = -1.33274e-06
f(13) = 12
f(5) = 3.99999
Thetas: 
	T0 = 7.39928	T1 = -2.60589	T2 = -0.0768616
Mean Squared Error: 252.817
Predictions:
f(-14) = 28.8169
f(-5) = 18.5072
f(-22) = 27.5279
f(-6) = 20.2676
f(-19) = 29.1642
f(2) = 1.88005
Thetas: 
	T0 = 89.683	T1 = 535.573	T2 = 12.9173	T3 = -4.60883
Mean Squared Error: 1.33708e+08
Predictions:
f(-5) = -1689.15
f(30) = -96655.9
f(19) = -16683.2
f(-32) = 147201
f(23) = -36834.5
f(-30) = 120086
f(0) = 89.683
f(-1) = -428.364
