Thetas: 
	T0 = -1	T1 = -1.80747e-06
Mean Squared Error: 2.95261e-10
Predictions:
f(-15) = -0.999973
f(-4) = -0.999993
f(5) = -1.00001
f(2) = -1
Thetas: 
	T0 = 15.1006	T1 = -2.35494	T2 = -0.904822
Mean Squared Error: 4014.26
Predictions:
f(21) = -433.38
f(-14) = -129.275
f(4) = -8.79637
f(5) = -19.2947
f(-9) = -36.9955
f(-2) = 16.1912
Thetas: 
	T0 = -44.3273	T1 = 364.774	T2 = 10.4004	T3 = -3.83265
Mean Squared Error: 1.21148e+08
Predictions:
f(1) = 327.015
f(-31) = 112821
f(-14) = 7404.1
f(-22) = 37774.5
f(-11) = 2302.86
f(5) = 1560.47
f(30) = -83222.2
f(-15) = 9759.34
