Thetas: 
	T0 = 1	T1 = -2.97297e-06
Mean Squared Error: 1.31316e-09
Predictions:
f(14) = 0.999958
f(11) = 0.999967
f(0) = 1
f(-5) = 1.00001
Thetas: 
	T0 = -9.35077	T1 = -1.01862	T2 = 1.49205
Mean Squared Error: 32269.2
Predictions:
f(-9) = 120.673
f(24) = 825.623
f(3) = 1.02181
f(6) = 38.2513
f(15) = 311.081
f(10) = 129.668
Thetas: 
	T0 = 114.85	T1 = -336.563	T2 = -16.6982	T3 = 2.70592
Mean Squared Error: 4.41689e+07
Predictions:
f(-22) = -29375.3
f(9) = -2294.16
f(2) = -603.421
f(-10) = -895.258
f(-9) = -181.252
f(-10) = -895.258
f(32) = 60913.4
f(-10) = -895.258
