Thetas: 
	T0 = -1	T1 = 1
Mean Squared Error: 5.96515e-10
Predictions:
f(15) = 14
f(12) = 11
f(16) = 15
f(5) = 4.00001
Thetas: 
	T0 = -21.4414	T1 = -3.54346	T2 = 2.96675
Mean Squared Error: 102082
Predictions:
f(13) = 433.875
f(-9) = 250.757
f(-15) = 699.23
f(4) = 11.8528
f(24) = 1602.37
f(9) = 186.974
Thetas: 
	T0 = 1.91068	T1 = -7.22494	T2 = 2.31064	T3 = -0.0053449
Mean Squared Error: 100619
Predictions:
f(-15) = 648.217
f(32) = 1961.66
f(9) = 120.151
f(-1) = 11.4516
f(-1) = 11.4516
f(-23) = 1455.44
f(-21) = 1222.12
f(-8) = 210.328
