Thetas: 
	T0 = 0	T1 = 0
Mean Squared Error: 0
Predictions:
f(-1) = 0
f(1) = 0
f(-11) = 0
f(-9) = 0
Thetas: 
	T0 = 1.04821	T1 = -0.394005	T2 = -0.885385
Mean Squared Error: 5703.46
Predictions:
f(-13) = -143.46
f(17) = -261.526
f(12) = -131.175
f(8) = -58.7685
f(23) = -476.383
f(22) = -436.146
Thetas: 
	T0 = 53.4382	T1 = -370.114	T2 = -8.05778	T3 = 2.97445
Mean Squared Error: 8.60902e+07
Predictions:
f(13) = 415.067
f(31) = 69448.3
f(29) = 55087.5
f(-25) = -42205.7
f(21) = 16274
f(21) = 16274
f(6) = -1814.84
f(19) = 10514.2
