Thetas: 
	T0 = -1	T1 = -1.80747e-06
Mean Squared Error: 2.95261e-10
Predictions:
f(-15) = -0.999973
f(-4) = -0.999993
f(5) = -1.00001
f(2) = -1
Thetas: 
	T0 = 4.94451	T1 = -2.49029	T2 = -0.870806
Mean Squared Error: inf
Predictions:
f(21) = -431.377
f(-14) = -130.869
f(4) = -18.9495
f(5) = -29.2771
f(-9) = -43.1782
f(-2) = 6.44186
Thetas: 
	T0 = 0	T1 = 0	T2 = 0	T3 = 0
Mean Squared Error: inf
Predictions:
f(1) = 0
f(-31) = 0
f(-14) = 0
f(-22) = 0
f(-11) = 0
f(5) = 0
f(30) = 0
f(-15) = 0
