Thetas: 
	T0 = 1	T1 = -1.76757e-06
Mean Squared Error: 2.76088e-10
Predictions:
f(14) = 0.999975
f(-9) = 1.00002
f(16) = 0.999972
f(9) = 0.999984
