Thetas: 
	T0 = -2	T1 = -2
Mean Squared Error: 1.14995e-10
Predictions:
f(12) = -26
f(11) = -24
f(3) = -8
f(-2) = 2
Thetas: 
	T0 = -27.7477	T1 = -8.21999	T2 = 3.61554
Mean Squared Error: 29196.3
Predictions:
f(5) = 21.541
f(18) = 995.729
f(5) = 21.541
f(-2) = 3.15441
f(-22) = 1903.02
f(4) = -2.77897
f(2.22222e-05) = -27.7479
f(90000) = 2.92852e+10
f(4) = -2.77897
f(16) = 766.312
f(8) = 137.887
f(4) = -2.77897
f(12) = 394.251
f(6) = 53.092
f(17) = 877.405
f(18) = 995.729
f(6) = 53.092
f(7) = 91.8741
f(-21) = 1739.33
f(-2) = 3.15441
f(-12) = 591.531
f(-24) = 2252.09
f(3) = -19.8678
f(-27) = 2829.92
f(-23) = 2073.94
f(27) = 2386.04
f(-12) = 591.531
f(-256) = 239025
f(-5864) = 1.24374e+08
f(-806) = 2.35539e+06
f(-16129) = 9.40697e+08
f(-19058) = 1.31335e+09
f(-806) = 2.35539e+06
f(-1249) = 5.65049e+06
f(25519) = 2.3543e+09
f(2) = -29.7255
f(4432) = 7.09823e+07
f(38524) = 5.36551e+09
f(-113) = 47068
f(55327) = 1.1067e+10
f(33791) = 4.12807e+09
f(-62609) = 1.4173e+10
f(4432) = 7.09823e+07
f(0) = -27.7477
f(1) = -32.3522
f(-16) = 1029.35
f(-27) = 2829.92
f(-6) = 151.732
f(-23) = 2073.94
f(26) = 2202.64
f(13) = 476.42
f(13) = 476.42
f(13) = 476.42
f(13) = 476.42
f(13) = 476.42
f(13) = 476.42
f(13) = 476.42
f(13) = 476.42
f(13) = 476.42
f(13) = 476.42
f(13) = 476.42
f(13) = 476.42
f(13) = 476.42
f(13) = 476.42
f(13) = 476.42
f(13) = 476.42
Thetas: 
	T0 = -22.813	T1 = -22.018	T2 = 2.80433
Mean Squared Error: 44866
Predictions:
f(13) = 164.886
f(13) = 164.886
f(13) = 164.886
f(13) = 164.886
f(13) = 164.886
f(13) = 164.886
f(13) = 164.886
f(13) = 164.886
f(13) = 164.886
f(13) = 164.886
f(13) = 164.886
f(13) = 164.886
f(13) = 164.886
f(13) = 164.886
f(13) = 164.886
f(13) = 164.886
f(13) = 164.886
f(13) = 164.886
f(13) = 164.886
f(13) = 164.886
f(13) = 164.886
f(13) = 164.886
f(13) = 164.886
f(13) = 164.886
f(13) = 164.886
f(13) = 164.886
f(13) = 164.886
f(13) = 164.886
f(13) = 164.886
f(13) = 164.886
f(13) = 164.886
f(13) = 164.886
f(13) = 164.886
f(13) = 164.886
f(13) = 164.886
f(13) = 164.886
f(13) = 164.886
f(13) = 164.886
f(13) = 164.886
f(13) = 164.886
f(13) = 164.886
f(13) = 164.886
f(13) = 164.886
f(13) = 164.886
f(13) = 164.886
f(13) = 164.886
f(13) = 164.886
f(13) = 164.886
f(13) = 164.886
f(13) = 164.886
f(13) = 164.886
f(13) = 164.886
f(13) = 164.886
f(13) = 164.886
f(13) = 164.886
f(13) = 164.886
f(13) = 164.886
f(13) = 164.886
f(13) = 164.886
f(13) = 164.886
f(13) = 164.886
f(13) = 164.886
f(13) = 164.886
f(13) = 164.886
f(13) = 164.886
f(13) = 164.886
