Thetas: 
	T0 = -1	T1 = 1
Mean Squared Error: 5.96515e-10
Predictions:
f(15) = 14
f(12) = 11
f(16) = 15
f(5) = 4.00001
Thetas: 
	T0 = -21.506	T1 = -3.50224	T2 = 2.96569
Mean Squared Error: 102669
Predictions:
f(13) = 434.167
f(-9) = 250.235
f(-15) = 698.309
f(4) = 11.9362
f(24) = 1602.68
f(9) = 187.195
Thetas: 
	T0 = 0.343398	T1 = -0.41854	T2 = 2.26311	T3 = -0.0169182
Mean Squared Error: 105037
Predictions:
f(-15) = 572.92
f(32) = 1750
f(9) = 167.555
f(-1) = 3.04197
f(-1) = 3.04197
f(-23) = 1413
f(-21) = 1163.84
f(-8) = 157.193
