Thetas: 
	T0 = -1	T1 = 0.999999
Mean Squared Error: 1.1305e-10
Predictions:
f(-16) = -17
f(1) = -1.33274e-06
f(13) = 12
f(5) = 3.99999
Thetas: 
	T0 = 7.95548	T1 = -2.19161	T2 = -0.0990996
Mean Squared Error: 295.694
Predictions:
f(-14) = 19.2145
f(-5) = 16.436
f(-22) = 8.2067
f(-6) = 17.5376
f(-19) = 13.8211
f(2) = 3.17586
Thetas: 
	T0 = 88.3101	T1 = 537.185	T2 = 12.9395	T3 = -4.61184
Mean Squared Error: 1.33633e+08
Predictions:
f(-5) = -1697.65
f(30) = -96670.4
f(19) = -16666.7
f(-32) = 147269
f(23) = -36823.7
f(-30) = 120138
f(0) = 88.3101
f(-1) = -431.324
