Thetas: 
	T0 = -1	T1 = -1.80747e-06
Mean Squared Error: 2.95261e-10
Predictions:
f(-15) = -0.999973
f(-4) = -0.999993
f(5) = -1.00001
f(2) = -1
Thetas: 
	T0 = 4.12871	T1 = -2.50118	T2 = -0.868196
Mean Squared Error: 4833.47
Predictions:
f(21) = -431.27
f(-14) = -131.021
f(4) = -19.7671
f(5) = -30.0821
f(-9) = -43.6845
f(-2) = 5.65828
Thetas: 
	T0 = -106.846	T1 = -343.334	T2 = 47.7949	T3 = 0.745113
Mean Squared Error: 9.45229e+08
Predictions:
f(1) = -401.639
f(-31) = 34269.8
f(-14) = 12023
f(-22) = 22645.3
f(-11) = 8461.27
f(5) = -535.501
f(30) = 52726.6
f(-15) = 13282.3
