Thetas: 
	T0 = -1	T1 = -1.80747e-06
Mean Squared Error: 2.95261e-10
Predictions:
f(-15) = -0.999973
f(-4) = -0.999993
f(5) = -1.00001
f(2) = -1
Thetas: 
	T0 = 15.1006	T1 = -2.35494	T2 = -0.904822
Mean Squared Error: 4014.26
Predictions:
f(21) = -433.38
f(-14) = -129.275
f(4) = -8.79637
f(5) = -19.2947
f(-9) = -36.9955
f(-2) = 16.1912
Thetas: 
	T0 = -1.73057	T1 = 18.9701	T2 = 12.2476	T3 = -3.35177
Mean Squared Error: 1.38668e+08
Predictions:
f(1) = 26.1354
f(-31) = 111033
f(-14) = 11330.5
f(-22) = 41198.4
f(-11) = 5732.76
f(5) = -19.6616
f(30) = -78907.6
f(-15) = 13781.6
