Thetas: 
	T0 = 1	T1 = -2
Mean Squared Error: 3.30808e-10
Predictions:
f(13) = -25
f(12) = -23
f(-6) = 13
f(13) = -25
Thetas: 
	T0 = -4.33648e-06	T1 = 1.00002	T2 = -2.9999
Mean Squared Error: 0.00072189
Predictions:
f(9) = -233.992
f(-23) = -1609.95
f(-17) = -883.973
f(-6) = -113.997
f(15) = -659.978
f(-10) = -309.991
Thetas: 
	T0 = 0	T1 = 0	T2 = 0	T3 = 0
Mean Squared Error: -nan
Predictions:
f(-9) = 0
f(32) = 0
f(27) = 0
f(20) = 0
f(-9) = 0
f(-28) = 0
f(-23) = 0
f(18) = 0
