Thetas: 
	T0 = -2	T1 = -2
Mean Squared Error: 1.14995e-10
Predictions:
f(12) = -26
f(11) = -24
f(3) = -8
f(-2) = 2
Thetas: 
	T0 = -27.7477	T1 = -8.21999	T2 = 3.61554
Mean Squared Error: 29196.3
Predictions:
f(5) = 21.541
f(18) = 995.729
f(5) = 21.541
f(-2) = 3.15441
f(-22) = 1903.02
f(4) = -2.77897
Thetas: 
	T0 = 3.53629	T1 = 16.8732	T2 = -6.98654	T3 = -2.73021
Mean Squared Error: 3.18129e+07
Predictions:
f(0) = 3.53629
f(1) = 10.6927
f(-16) = 9127.94
f(-27) = 48193.4
f(-6) = 240.506
f(-23) = 29138
f(26) = -52266.8
f(13) = -6956.1
