Thetas: 
	T0 = -1	T1 = 1
Mean Squared Error: 5.96515e-10
Predictions:
f(15) = 14
f(12) = 11
f(16) = 15
f(5) = 4.00001
Thetas: 
	T0 = -21.506	T1 = -3.50224	T2 = 2.96569
Mean Squared Error: 102669
Predictions:
f(13) = 434.167
f(-9) = 250.235
f(-15) = 698.309
f(4) = 11.9362
f(24) = 1602.68
f(9) = 187.195
Thetas: 
	T0 = 1.88626	T1 = -7.17636	T2 = 2.30945	T3 = -0.00544761
Mean Squared Error: 100921
Predictions:
f(-15) = 647.544
f(32) = 1958.62
f(9) = 120.393
f(-1) = 11.3775
f(-1) = 11.3775
f(-23) = 1454.92
f(-21) = 1221.51
f(-8) = 209.891
