Thetas: 
	T0 = 1	T1 = -2.97297e-06
Mean Squared Error: 1.31316e-09
Predictions:
f(14) = 0.999958
f(11) = 0.999967
f(0) = 1
f(-5) = 1.00001
Thetas: 
	T0 = -25.5293	T1 = -1.31232	T2 = 1.54601
Mean Squared Error: 31151.1
Predictions:
f(-9) = 111.508
f(24) = 833.477
f(3) = -15.5522
f(6) = 22.2532
f(15) = 302.638
f(10) = 115.949
Thetas: 
	T0 = 74.919	T1 = -239.103	T2 = -17.3254	T3 = 2.55185
Mean Squared Error: 4.69616e+08
Predictions:
f(-22) = -3056.93
f(9) = -3476.72
f(2) = -470.036
f(-10) = 728.425
f(-9) = 819.855
f(-10) = 728.425
f(32) = -25315
f(-10) = 728.425
