Thetas: 
	T0 = -2	T1 = -2
Mean Squared Error: 1.14995e-10
Predictions:
f(12) = -26
f(11) = -24
f(3) = -8
f(-2) = 2
Thetas: 
	T0 = -27.7477	T1 = -8.21999	T2 = 3.61554
Mean Squared Error: 29196.3
Predictions:
f(5) = 21.541
f(18) = 995.729
f(5) = 21.541
f(-2) = 3.15441
f(-22) = 1903.02
f(4) = -2.77897
Thetas: 
	T0 = 1.15431	T1 = 6.2648	T2 = -6.94993	T3 = -2.69092
Mean Squared Error: 3.24639e+08
Predictions:
f(0) = 1.15431
f(1) = -2.22174
f(-16) = -1878.26
f(-27) = -5234.49
f(-6) = -286.632
f(-23) = -3819.45
f(26) = -4534.11
f(13) = -1091.94
