Thetas: 
	T0 = 0	T1 = 0
Mean Squared Error: 0
Predictions:
f(-1) = 0
f(1) = 0
f(-11) = 0
f(-9) = 0
Thetas: 
	T0 = 2.59817	T1 = -0.389342	T2 = -0.889861
Mean Squared Error: inf
Predictions:
f(-13) = -142.727
f(17) = -261.191
f(12) = -130.214
f(8) = -57.4677
f(23) = -477.093
f(22) = -436.66
Thetas: 
	T0 = 0	T1 = 0	T2 = 0	T3 = 0
Mean Squared Error: inf
Predictions:
f(13) = 0
f(31) = 0
f(29) = 0
f(-25) = 0
f(21) = 0
f(21) = 0
f(6) = 0
f(19) = 0
