Thetas: 
	T0 = -1	T1 = 0.999998
Mean Squared Error: 4.81472e-10
Predictions:
f(-8) = -8.99998
f(16) = 15
f(4) = 2.99999
f(4) = 2.99999
Thetas: 
	T0 = 12.0237	T1 = 0.578043	T2 = -0.884965
Mean Squared Error: 7380.79
Predictions:
f(22) = -403.583
f(-22) = -429.016
f(17) = -233.905
f(-14) = -169.522
f(21) = -366.107
f(1) = 11.7168
Thetas: 
	T0 = -68.9358	T1 = 299.606	T2 = 7.67932	T3 = -2.72247
Mean Squared Error: 9.08435e+07
Predictions:
f(-15) = 6353.17
f(4) = 1078.12
f(19) = -10277.6
f(-7) = -856.082
f(23) = -22240
f(18) = -8065.4
f(11) = 532.314
f(-10) = 425.411
