Thetas: 
	T0 = 0	T1 = 0
Mean Squared Error: 0
Predictions:
f(-1) = 0
f(1) = 0
f(-11) = 0
f(-9) = 0
Thetas: 
	T0 = 4.69133	T1 = -0.383107	T2 = -0.896294
Mean Squared Error: 5544.08
Predictions:
f(-13) = -141.802
f(17) = -260.85
f(12) = -128.972
f(8) = -55.7363
f(23) = -478.26
f(22) = -437.543
Thetas: 
	T0 = 53.4382	T1 = -370.114	T2 = -8.05778	T3 = 2.97445
Mean Squared Error: 8.60902e+07
Predictions:
f(13) = 415.067
f(31) = 69448.3
f(29) = 55087.5
f(-25) = -42205.7
f(21) = 16274
f(21) = 16274
f(6) = -1814.84
f(19) = 10514.2
