Thetas: 
	T0 = -1	T1 = -1.67038e-06
Mean Squared Error: 2.32863e-10
Predictions:
f(1) = -1
f(-1) = -0.999998
f(2) = -1
f(-15) = -0.999975
Thetas: 
	T0 = 3.28689	T1 = 1.34015	T2 = -0.0826239
Mean Squared Error: 106.445
Predictions:
f(4) = 7.32552
f(-2) = 0.276092
f(16) = 3.57761
f(-4) = -3.3957
f(-12) = -24.6928
f(5) = 7.92206
Thetas: 
	T0 = -0.175923	T1 = 0.442078	T2 = -4.95946	T3 = -3.05036
Mean Squared Error: 1.3435e+08
Predictions:
f(-27) = 56412.7
f(-13) = 5857.57
f(7) = -1286.37
f(30) = -86810.1
f(3) = -125.845
f(-15) = 9172.28
f(-15) = 9172.28
f(7) = -1286.37
