Thetas: 
	T0 = -2	T1 = -1
Mean Squared Error: 1.36689e-09
Predictions:
f(-1) = -0.999997
f(-1) = -0.999997
f(2) = -4.00001
f(-12) = 10
Thetas: 
	T0 = -43.0228	T1 = -9.45455	T2 = 3.19016
Mean Squared Error: 102657
Predictions:
f(-5) = 84.0038
f(1) = -49.2872
f(10) = 181.447
f(18) = 820.406
f(13) = 373.204
f(19) = 928.987
Thetas: 
	T0 = -0.786026	T1 = 8.12806	T2 = 1.63203	T3 = -0.839223
Mean Squared Error: 8.85816e+06
Predictions:
f(-1) = -6.44284
f(-22) = 9546.34
f(5) = -24.2479
f(-11) = 1224.29
f(28) = -16916.3
f(28) = -16916.3
f(27) = -15110
f(-25) = 13928.9
