Thetas: 
	T0 = -1	T1 = -1.67038e-06
Mean Squared Error: 2.32863e-10
Predictions:
f(1) = -1
f(-1) = -0.999998
f(2) = -1
f(-15) = -0.999975
Thetas: 
	T0 = 1.38179	T1 = 1.39838	T2 = -0.0751274
Mean Squared Error: inf
Predictions:
f(4) = 5.77325
f(-2) = -1.71547
f(16) = 4.52318
f(-4) = -5.41375
f(-12) = -26.2171
f(5) = 6.49548
Thetas: 
	T0 = 0	T1 = 0	T2 = 0	T3 = 0
Mean Squared Error: -nan
Predictions:
f(-27) = 0
f(-13) = 0
f(7) = 0
f(30) = 0
f(3) = 0
f(-15) = 0
f(-15) = 0
f(7) = 0
