Thetas: 
	T0 = -1	T1 = 1
Mean Squared Error: 5.96515e-10
Predictions:
f(15) = 14
f(12) = 11
f(16) = 15
f(5) = 4.00001
Thetas: 
	T0 = -20.1131	T1 = -3.49943	T2 = 2.95953
Mean Squared Error: 102734
Predictions:
f(13) = 434.555
f(-9) = 251.104
f(-15) = 698.273
f(4) = 13.2417
f(24) = 1600.59
f(9) = 188.114
Thetas: 
	T0 = 1.88644	T1 = -7.17677	T2 = 2.30947	T3 = -0.00544669
Mean Squared Error: 100918
Predictions:
f(-15) = 647.55
f(32) = 1958.65
f(9) = 120.392
f(-1) = 11.3781
f(-1) = 11.3781
f(-23) = 1454.93
f(-21) = 1221.51
f(-8) = 209.895
