Thetas: 
	T0 = -2	T1 = -2
Mean Squared Error: 1.14995e-10
Predictions:
f(12) = -26
f(11) = -24
f(3) = -8
f(-2) = 2
Thetas: 
	T0 = -1.68228	T1 = -5.83095	T2 = 3.52604
Mean Squared Error: 1.99588e+101
Predictions:
f(5) = 57.314
f(18) = 1035.8
f(5) = 57.314
f(-2) = 24.0838
f(-22) = 1833.2
f(4) = 31.4106
Thetas: 
	T0 = 0	T1 = 0	T2 = 0	T3 = 0
Mean Squared Error: 1.10882e+101
Predictions:
f(0) = 0
f(1) = 0
f(-16) = 0
f(-27) = 0
f(-6) = 0
f(-23) = 0
f(26) = 0
f(13) = 0
