Thetas: 
	T0 = 1	T1 = -2.97297e-06
Mean Squared Error: 1.31316e-09
Predictions:
f(14) = 0.999958
f(11) = 0.999967
f(0) = 1
f(-5) = 1.00001
Thetas: 
	T0 = -25.5293	T1 = -1.31232	T2 = 1.54601
Mean Squared Error: 31151.1
Predictions:
f(-9) = 111.508
f(24) = 833.477
f(3) = -15.5522
f(6) = 22.2532
f(15) = 302.638
f(10) = 115.949
Thetas: 
	T0 = 3.9778	T1 = -16.1701	T2 = -18.8158	T3 = 2.19865
Mean Squared Error: 3.69606e+08
Predictions:
f(-22) = -8753
f(9) = -1662.43
f(2) = -101.411
f(-10) = -1720.29
f(-9) = -1377.77
f(-10) = -1720.29
f(32) = -19778.5
f(-10) = -1720.29
