Thetas: 
	T0 = -1	T1 = -1.67038e-06
Mean Squared Error: 2.32863e-10
Predictions:
f(1) = -1
f(-1) = -0.999998
f(2) = -1
f(-15) = -0.999975
Thetas: 
	T0 = 3.28689	T1 = 1.34015	T2 = -0.0826239
Mean Squared Error: 106.445
Predictions:
f(4) = 7.32552
f(-2) = 0.276092
f(16) = 3.57761
f(-4) = -3.3957
f(-12) = -24.6928
f(5) = 7.92206
Thetas: 
	T0 = 96.5436	T1 = 152.975	T2 = -18.4864	T3 = -3.30411
Mean Squared Error: 1.13385e+08
Predictions:
f(-27) = 47524.4
f(-13) = 2242.79
f(7) = -871.773
f(30) = -101163
f(3) = 299.881
f(-15) = 4793.85
f(-15) = 4793.85
f(7) = -871.773
