Thetas: 
	T0 = -1	T1 = -1
Mean Squared Error: 2.57765e-10
Predictions:
f(-7) = 6.00001
f(4) = -5.00001
f(4) = -5.00001
f(-13) = 12
Thetas: 
	T0 = -2.09853	T1 = -3.52791	T2 = 0.878314
Mean Squared Error: 4813.23
Predictions:
f(20) = 278.669
f(5) = 2.21979
f(10) = 50.4538
f(1) = -4.74813
f(13) = 100.474
f(6) = 8.35335
Thetas: 
	T0 = -39.8694	T1 = 268.937	T2 = -5.23698	T3 = -2.21969
Mean Squared Error: 1.15146e+07
Predictions:
f(26) = -35600.9
f(-26) = 28440.8
f(8) = 639.983
f(2) = 459.3
f(22) = -20293.2
f(4) = 810.029
f(8) = 639.983
f(25) = -31272.2
