Thetas: 
	T0 = -1	T1 = 0.999999
Mean Squared Error: 1.1305e-10
Predictions:
f(-16) = -17
f(1) = -1.33274e-06
f(13) = 12
f(5) = 3.99999
Thetas: 
	T0 = 8.63765	T1 = -1.94991	T2 = -0.114599
Mean Squared Error: 282.924
Predictions:
f(-14) = 13.475
f(-5) = 15.5222
f(-22) = -3.9303
f(-6) = 16.2116
f(-19) = 4.31567
f(2) = 4.27943
Thetas: 
	T0 = 82.9226	T1 = 551.817	T2 = 12.1411	T3 = -4.60558
Mean Squared Error: 1.35905e+08
Predictions:
f(-5) = -1796.94
f(30) = -96786.3
f(19) = -16639.3
f(-32) = 145773
f(23) = -36838.8
f(-30) = 118806
f(0) = 82.9226
f(-1) = -452.148
