Thetas: 
	T0 = -2	T1 = 0.999999
Mean Squared Error: 5.46366e-11
Predictions:
f(10) = 7.99999
f(-3) = -5
f(15) = 13
f(-5) = -6.99999
Thetas: 
	T0 = -1.91985	T1 = 0.141186	T2 = 0.00790217
Mean Squared Error: 17.0874
Predictions:
f(20) = 4.06475
f(-1) = -2.05313
f(2) = -1.60586
f(-4) = -2.35816
f(22) = 5.01091
f(22) = 5.01091
Thetas: 
	T0 = 0	T1 = 0	T2 = 0	T3 = 0
Mean Squared Error: 17.6961
Predictions:
f(18) = 0
f(-26) = 0
f(25) = 0
f(-10) = 0
f(-26) = 0
f(10) = 0
f(-19) = 0
f(8) = 0
