Thetas: 
	T0 = -1	T1 = 0.999999
Mean Squared Error: 1.1305e-10
Predictions:
f(-16) = -17
f(1) = -1.33274e-06
f(13) = 12
f(5) = 3.99999
Thetas: 
	T0 = 8.63749	T1 = -1.94997	T2 = -0.114595
Mean Squared Error: 282.941
Predictions:
f(-14) = 13.4766
f(-5) = 15.5225
f(-22) = -3.92688
f(-6) = 16.2119
f(-19) = 4.31833
f(2) = 4.27916
Thetas: 
	T0 = 0.632188	T1 = 3.22577	T2 = 7.89045	T3 = -3.65622
Mean Squared Error: 1.46691e+09
Predictions:
f(-5) = 181.765
f(30) = 7198.81
f(19) = 2910.37
f(-32) = 7977.23
f(23) = 4248.87
f(-30) = 7005.27
f(0) = 0.632188
f(-1) = 8.95309
