Thetas: 
	T0 = -2	T1 = -2
Mean Squared Error: 1.14995e-10
Predictions:
f(12) = -26
f(11) = -24
f(3) = -8
f(-2) = 2
Thetas: 
	T0 = -27.8351	T1 = -8.19843	T2 = 3.61574
Mean Squared Error: 29269.8
Predictions:
f(5) = 21.5662
f(18) = 996.092
f(5) = 21.5662
f(-2) = 3.0247
f(-22) = 1902.55
f(4) = -2.77702
Thetas: 
	T0 = 63.5973	T1 = 244.073	T2 = -7.84679	T3 = -3.12855
Mean Squared Error: 2.81113e+07
Predictions:
f(0) = 63.5973
f(1) = 296.695
f(-16) = 6964.18
f(-27) = 49332.5
f(-6) = -1007.56
f(-23) = 28364
f(26) = -53882.3
f(13) = -4962.98
