Thetas: 
	T0 = -2	T1 = 0.999999
Mean Squared Error: 5.46366e-11
Predictions:
f(10) = 7.99999
f(-3) = -5
f(15) = 13
f(-5) = -6.99999
Thetas: 
	T0 = -12.8981	T1 = 0.295429	T2 = 0.994499
Mean Squared Error: 2128.22
Predictions:
f(20) = 390.81
f(-1) = -12.1991
f(2) = -8.32928
f(-4) = 1.83214
f(22) = 474.939
f(22) = 474.939
Thetas: 
	T0 = -2.92322	T1 = -25.1266	T2 = 10.4004	T3 = 4.0838
Mean Squared Error: inf
Predictions:
f(18) = 2914.52
f(-26) = -64095.9
f(25) = 69678.6
f(-10) = -2795.42
f(-26) = -64095.9
f(10) = 4869.65
f(-19) = 4229.02
f(8) = 465.772
