Thetas: 
	T0 = 1	T1 = 2
Mean Squared Error: 4.11338e-11
Predictions:
f(14) = 29
f(-5) = -9
f(-14) = -27
f(13) = 27
Thetas: 
	T0 = 16.7674	T1 = -4.71604	T2 = -2.94783
Mean Squared Error: 23061.9
Predictions:
f(-18) = -853.441
f(2) = -4.45596
f(-4) = -11.5337
f(-17) = -754.983
f(16) = -813.334
f(21) = -1382.26
Thetas: 
	T0 = -2.26353	T1 = -23.6403	T2 = -1.75377	T3 = 0.0487585
Mean Squared Error: 148585
Predictions:
f(4) = -121.765
f(30) = -973.391
f(12) = -454.236
f(-11) = -19.3243
f(-24) = -1119.11
f(-18) = -429.32
f(31) = -967.927
f(-30) = -2187.93
