Thetas: 
	T0 = -1	T1 = 0.999999
Mean Squared Error: 1.1305e-10
Predictions:
f(-16) = -17
f(1) = -1.33274e-06
f(13) = 12
f(5) = 3.99999
Thetas: 
	T0 = 1.05962	T1 = -2.12365	T2 = -0.0854851
Mean Squared Error: 2.38608e+48
Predictions:
f(-14) = 14.0357
f(-5) = 9.54074
f(-22) = 6.40516
f(-6) = 10.7241
f(-19) = 10.5489
f(2) = -3.52962
Thetas: 
	T0 = 1.239e+12	T1 = -4.79863e+12	T2 = 1.85851e+13	T3 = -7.19793e+13
Mean Squared Error: 1.3256e+48
Predictions:
f(-5) = 9.48728e+15
f(30) = -1.92686e+18
f(19) = -4.87087e+17
f(-32) = 2.3778e+18
f(23) = -8.6605e+17
f(-30) = 1.96031e+18
f(0) = 1.239e+12
f(-1) = 9.6602e+13
