Thetas: 
	T0 = -1	T1 = 1
Mean Squared Error: 5.96515e-10
Predictions:
f(15) = 14
f(12) = 11
f(16) = 15
f(5) = 4.00001
Thetas: 
	T0 = -21.506	T1 = -3.50224	T2 = 2.96569
Mean Squared Error: 102669
Predictions:
f(13) = 434.167
f(-9) = 250.235
f(-15) = 698.309
f(4) = 11.9362
f(24) = 1602.68
f(9) = 187.195
Thetas: 
	T0 = 0.39431	T1 = -0.645594	T2 = 2.26657	T3 = -0.0164715
Mean Squared Error: 104805
Predictions:
f(-15) = 575.648
f(32) = 1760.97
f(9) = 166.169
f(-1) = 3.32295
f(-1) = 3.32295
f(-23) = 1414.67
f(-21) = 1166.05
f(-8) = 159.053
