Thetas: 
	T0 = -1	T1 = -1.80747e-06
Mean Squared Error: 2.95261e-10
Predictions:
f(-15) = -0.999973
f(-4) = -0.999993
f(5) = -1.00001
f(2) = -1
Thetas: 
	T0 = 15.1006	T1 = -2.35494	T2 = -0.904822
Mean Squared Error: 4014.26
Predictions:
f(21) = -433.38
f(-14) = -129.275
f(4) = -8.79637
f(5) = -19.2947
f(-9) = -36.9955
f(-2) = 16.1912
Thetas: 
	T0 = -50.8532	T1 = 427.636	T2 = 10.0948	T3 = -3.91934
Mean Squared Error: 1.19132e+08
Predictions:
f(1) = 382.959
f(-31) = 113154
f(-14) = 6695.47
f(-22) = 37160.1
f(-11) = 1683.25
f(5) = 1849.78
f(30) = -83958.6
f(-15) = 9033.69
