Thetas: 
	T0 = 1	T1 = 2
Mean Squared Error: 4.11338e-11
Predictions:
f(14) = 29
f(-5) = -9
f(-14) = -27
f(13) = 27
Thetas: 
	T0 = 16.7674	T1 = -4.71604	T2 = -2.94783
Mean Squared Error: 23061.9
Predictions:
f(-18) = -853.441
f(2) = -4.45596
f(-4) = -11.5337
f(-17) = -754.983
f(16) = -813.334
f(21) = -1382.26
Thetas: 
	T0 = -0.279497	T1 = 1.82154	T2 = -8.94496	T3 = -1.28357
Mean Squared Error: 3.99705e+07
Predictions:
f(4) = -218.261
f(30) = -42652.5
f(12) = -3484.5
f(-11) = 605.773
f(-24) = 12547.8
f(-18) = 4554.54
f(31) = -46778.7
f(-30) = 26551
