Thetas: 
	T0 = 0	T1 = 0
Mean Squared Error: 0
Predictions:
f(-1) = 0
f(1) = 0
f(-11) = 0
f(-9) = 0
Thetas: 
	T0 = 20.6003	T1 = -0.335493	T2 = -0.943739
Mean Squared Error: 4983.23
Predictions:
f(-13) = -134.53
f(17) = -257.844
f(12) = -119.324
f(8) = -42.4829
f(23) = -486.354
f(22) = -443.55
Thetas: 
	T0 = 53.4382	T1 = -370.114	T2 = -8.05778	T3 = 2.97445
Mean Squared Error: 8.60902e+07
Predictions:
f(13) = 415.067
f(31) = 69448.3
f(29) = 55087.5
f(-25) = -42205.7
f(21) = 16274
f(21) = 16274
f(6) = -1814.84
f(19) = 10514.2
