Thetas: 
	T0 = -1	T1 = -1.67038e-06
Mean Squared Error: 2.32863e-10
Predictions:
f(1) = -1
f(-1) = -0.999998
f(2) = -1
f(-15) = -0.999975
Thetas: 
	T0 = 3.28689	T1 = 1.34015	T2 = -0.0826239
Mean Squared Error: 106.445
Predictions:
f(4) = 7.32552
f(-2) = 0.276092
f(16) = 3.57761
f(-4) = -3.3957
f(-12) = -24.6928
f(5) = 7.92206
Thetas: 
	T0 = -0.0278898	T1 = 2.88349	T2 = -19.5479	T3 = -3.05292
Mean Squared Error: 1.14809e+08
Predictions:
f(-27) = 45762.3
f(-13) = 3366.16
f(7) = -1984.84
f(30) = -99935.5
f(3) = -249.738
f(-15) = 5862.05
f(-15) = 5862.05
f(7) = -1984.84
