Thetas: 
	T0 = -2	T1 = 0.999999
Mean Squared Error: 5.46366e-11
Predictions:
f(10) = 7.99999
f(-3) = -5
f(15) = 13
f(-5) = -6.99999
Thetas: 
	T0 = -12.9014	T1 = 0.296689	T2 = 0.994468
Mean Squared Error: 2131.11
Predictions:
f(20) = 390.819
f(-1) = -12.2037
f(2) = -8.33019
f(-4) = 1.82329
f(22) = 474.948
f(22) = 474.948
Thetas: 
	T0 = -88.9705	T1 = -544.892	T2 = 9.75583	T3 = 4.93569
Mean Squared Error: 2.12376e+08
Predictions:
f(18) = 22048.8
f(-26) = -66076.5
f(25) = 69506.3
f(-10) = 1399.84
f(-26) = -66076.5
f(10) = 373.384
f(-19) = -20068.1
f(8) = -1296.66
