Thetas: 
	T0 = 2	T1 = 2.36212e-06
Mean Squared Error: 6.59292e-10
Predictions:
f(2) = 2
f(1) = 2
f(2) = 2
f(-8) = 1.99998
Thetas: 
	T0 = 16.4759	T1 = 2.52513	T2 = -0.893841
Mean Squared Error: 6003.44
Predictions:
f(18) = -227.676
f(-10) = -98.1594
f(-10) = -98.1594
f(-23) = -514.444
f(-6) = -30.8531
f(16) = -171.945
Thetas: 
	T0 = -132.224	T1 = -475.895	T2 = 22.6302	T3 = 4.36401
Mean Squared Error: 1.6508e+08
Predictions:
f(-16) = -4599.56
f(-3) = 1381.3
f(10) = 1735.86
f(4) = -1394.42
f(-10) = 2525.73
f(-19) = -12853.5
f(-7) = 2811.06
f(-25) = -42278.6
