Thetas: 
	T0 = 0.1	T1 = -0.984886
Mean Squared Error: 1.15525
Predictions:
f(-19) = 18.8128
f(2) = -1.86977
f(14) = -13.6884
f(4) = -3.83954
Thetas: 
	T0 = 0.05245	T1 = 0.0511077	T2 = 1.31355
Mean Squared Error: 52648.4
Predictions:
f(-20) = 524.45
f(14) = 258.223
f(0) = 0.05245
f(-24) = 755.43
f(-30) = 1180.71
f(-14) = 256.792
Thetas: 
	T0 = 0.0266297	T1 = -0.212323	T2 = 1.02889	T3 = -7.59655
Mean Squared Error: 4.33276e+09
Predictions:
f(11) = -9988.82
f(-31) = 227304
f(10) = -7495.76
f(3) = -196.457
f(-40) = 487834
f(-2) = 65.3392
f(-28) = 167572
f(24) = -104427
