Thetas: 
	T0 = 1	T1 = 2
Mean Squared Error: 4.11338e-11
Predictions:
f(14) = 29
f(-5) = -9
f(-14) = -27
f(13) = 27
Thetas: 
	T0 = 16.7478	T1 = -4.7162	T2 = -2.94778
Mean Squared Error: 23064
Predictions:
f(-18) = -853.441
f(2) = -4.47568
f(-4) = -11.5518
f(-17) = -754.985
f(16) = -813.343
f(21) = -1382.26
Thetas: 
	T0 = 63.8354	T1 = 270.998	T2 = -7.28849	T3 = -1.76783
Mean Squared Error: 3.4358e+07
Predictions:
f(4) = 918.07
f(30) = -46097.3
f(12) = -788.546
f(-11) = -1446.07
f(-24) = 13800.2
f(-18) = 3134.4
f(31) = -51204.9
f(-30) = 33105.7
