Thetas: 
	T0 = -2	T1 = -2
Mean Squared Error: 1.14995e-10
Predictions:
f(12) = -26
f(11) = -24
f(3) = -8
f(-2) = 2
Thetas: 
	T0 = -8.25918	T1 = -8.62085	T2 = 3.52898
Mean Squared Error: 5.52032e+84
Predictions:
f(5) = 36.8611
f(18) = 979.956
f(5) = 36.8611
f(-2) = 23.0984
f(-22) = 1889.43
f(4) = 13.7211
Thetas: 
	T0 = 0	T1 = 0	T2 = 0	T3 = 0
Mean Squared Error: 3.04577e+08
Predictions:
f(0) = 0
f(1) = 0
f(-16) = 0
f(-27) = 0
f(-6) = 0
f(-23) = 0
f(26) = 0
f(13) = 0
