Thetas: 
	T0 = 1	T1 = -0.999999
Mean Squared Error: 1.25068e-10
Predictions:
f(-9) = 9.99999
f(1) = 1.37245e-06
f(12) = -11
f(16) = -15
Thetas: 
	T0 = 8.35528	T1 = 7.861	T2 = -2.51914
Mean Squared Error: 28129.8
Predictions:
f(13) = -315.187
f(9) = -124.946
f(22) = -1037.97
f(-14) = -595.451
f(21) = -937.506
f(11) = -209.99
Thetas: 
	T0 = 1.04741	T1 = -186.418	T2 = 5.19937	T3 = 1.17278
Mean Squared Error: 7.11697e+06
Predictions:
f(10) = -170.411
f(-29) = -18823.1
f(29) = 27570.6
f(-7) = 1158.48
f(2) = -341.608
f(-7) = 1158.48
f(-17) = -1089.11
f(11) = 140.549
