Thetas: 
	T0 = 1	T1 = 2
Mean Squared Error: 4.11338e-11
Predictions:
f(14) = 29
f(-5) = -9
f(-14) = -27
f(13) = 27
Thetas: 
	T0 = 16.7674	T1 = -4.71604	T2 = -2.94783
Mean Squared Error: 23061.9
Predictions:
f(-18) = -853.441
f(2) = -4.45596
f(-4) = -11.5337
f(-17) = -754.983
f(16) = -813.334
f(21) = -1382.26
Thetas: 
	T0 = 2.88856	T1 = 17.7162	T2 = -10.8345	T3 = -1.29699
Mean Squared Error: 3.91785e+07
Predictions:
f(4) = -182.606
f(30) = -44235.5
f(12) = -3585.89
f(-11) = 223.339
f(-24) = 11266.7
f(-18) = 3737.7
f(31) = -48498.6
f(-30) = 24739.2
