Thetas: 
	T0 = -1	T1 = -1.80747e-06
Mean Squared Error: 2.95261e-10
Predictions:
f(-15) = -0.999973
f(-4) = -0.999993
f(5) = -1.00001
f(2) = -1
Thetas: 
	T0 = 3.49411	T1 = -0.0114532	T2 = -0.0403746
Mean Squared Error: 9.1968
Predictions:
f(21) = -14.5516
f(-14) = -4.25896
f(4) = 2.8023
f(5) = 2.42748
f(-9) = 0.326849
f(-2) = 3.35552
Thetas: 
	T0 = 0	T1 = 0	T2 = 0	T3 = 0
Mean Squared Error: 46459.4
Predictions:
f(1) = 0
f(-31) = 0
f(-14) = 0
f(-22) = 0
f(-11) = 0
f(5) = 0
f(30) = 0
f(-15) = 0
