Thetas: 
	T0 = 0	T1 = 0
Mean Squared Error: 0
Predictions:
f(-1) = 0
f(1) = 0
f(-11) = 0
f(-9) = 0
Thetas: 
	T0 = 6.78128	T1 = -0.376855	T2 = -0.902552
Mean Squared Error: 5457.86
Predictions:
f(-13) = -140.851
f(17) = -260.463
f(12) = -127.708
f(8) = -53.9969
f(23) = -479.336
f(22) = -438.345
Thetas: 
	T0 = 53.4382	T1 = -370.114	T2 = -8.05778	T3 = 2.97445
Mean Squared Error: 8.60902e+07
Predictions:
f(13) = 415.067
f(31) = 69448.3
f(29) = 55087.5
f(-25) = -42205.7
f(21) = 16274
f(21) = 16274
f(6) = -1814.84
f(19) = 10514.2
