Thetas: 
	T0 = -1	T1 = 1
Mean Squared Error: 5.96515e-10
Predictions:
f(15) = 14
f(12) = 11
f(16) = 15
f(5) = 4.00001
Thetas: 
	T0 = -7.3197	T1 = -3.47366	T2 = 2.90294
Mean Squared Error: 1.09688e+271
Predictions:
f(13) = 438.12
f(-9) = 259.082
f(-15) = 697.947
f(4) = 25.2328
f(24) = 1581.41
f(9) = 196.556
Thetas: 
	T0 = 0	T1 = 0	T2 = 0	T3 = 0
Mean Squared Error: 6.09378e+270
Predictions:
f(-15) = 0
f(32) = 0
f(9) = 0
f(-1) = 0
f(-1) = 0
f(-23) = 0
f(-21) = 0
f(-8) = 0
