Thetas: 
	T0 = -1	T1 = 0.999999
Mean Squared Error: 1.1305e-10
Predictions:
f(-16) = -17
f(1) = -1.33274e-06
f(13) = 12
f(5) = 3.99999
Thetas: 
	T0 = 8.63749	T1 = -1.94997	T2 = -0.114595
Mean Squared Error: 282.941
Predictions:
f(-14) = 13.4766
f(-5) = 15.5225
f(-22) = -3.92688
f(-6) = 16.2119
f(-19) = 4.31833
f(2) = 4.27916
Thetas: 
	T0 = 13.0967	T1 = 90.806	T2 = 8.96011	T3 = -3.81667
Mean Squared Error: 1.57255e+09
Predictions:
f(-5) = -207.263
f(30) = 10795.4
f(19) = 4962.26
f(-32) = 6289.77
f(23) = 6838.82
f(-30) = 5359.04
f(0) = 13.0967
f(-1) = -64.9325
