Thetas: 
	T0 = -2	T1 = -2
Mean Squared Error: 1.14995e-10
Predictions:
f(12) = -26
f(11) = -24
f(3) = -8
f(-2) = 2
Thetas: 
	T0 = -28.184	T1 = -8.07855	T2 = 3.61457
Mean Squared Error: 29562.2
Predictions:
f(5) = 21.7875
f(18) = 997.523
f(5) = 21.7875
f(-2) = 2.43136
f(-22) = 1899
f(4) = -2.66511
Thetas: 
	T0 = 63.5526	T1 = 243.946	T2 = -7.84265	T3 = -3.12831
Mean Squared Error: 2.81149e+07
Predictions:
f(0) = 63.5526
f(1) = 296.527
f(-16) = 6966.27
f(-27) = 49334.3
f(-6) = -1006.74
f(-23) = 28366.2
f(26) = -53878.7
f(13) = -4963.46
