Thetas: 
	T0 = -1	T1 = -1.80747e-06
Mean Squared Error: 0.125004
Predictions:
f(-15) = -0.999973
f(-4) = -0.999993
f(5) = -1.00001
f(2) = -1
Thetas: 
	T0 = 15.1222	T1 = -2.35167	T2 = -0.904887
Mean Squared Error: 4021.76
Predictions:
f(21) = -433.318
f(-14) = -129.312
f(4) = -8.76262
f(5) = -19.2583
f(-9) = -37.0085
f(-2) = 16.206
Thetas: 
	T0 = -51.8395	T1 = 426.703	T2 = 10.0694	T3 = -3.91877
Mean Squared Error: 1.19241e+08
Predictions:
f(1) = 381.014
f(-31) = 113141
f(-14) = 6701.02
f(-22) = 37161.3
f(-11) = 1688.7
f(5) = 1843.57
f(30) = -83995
f(-15) = 9039.07
