Thetas: 
	T0 = 1	T1 = 2
Mean Squared Error: 4.11338e-11
Predictions:
f(14) = 29
f(-5) = -9
f(-14) = -27
f(13) = 27
Thetas: 
	T0 = 16.7674	T1 = -4.71604	T2 = -2.94783
Mean Squared Error: 23061.9
Predictions:
f(-18) = -853.441
f(2) = -4.45596
f(-4) = -11.5337
f(-17) = -754.983
f(16) = -813.334
f(21) = -1382.26
Thetas: 
	T0 = 17.7375	T1 = 88.0721	T2 = -9.8444	T3 = -1.42784
Mean Squared Error: 1.3581e+08
Predictions:
f(4) = 212.516
f(30) = -6200.06
f(12) = -342.991
f(-11) = -2142.23
f(-24) = -7766.37
f(-18) = -4757.15
f(31) = -6712.49
f(-30) = -11484.4
