Thetas: 
	T0 = 1	T1 = 2
Mean Squared Error: 4.11338e-11
Predictions:
f(14) = 29
f(-5) = -9
f(-14) = -27
f(13) = 27
Thetas: 
	T0 = 16.7674	T1 = -4.71604	T2 = -2.94783
Mean Squared Error: 23061.9
Predictions:
f(-18) = -853.441
f(2) = -4.45596
f(-4) = -11.5337
f(-17) = -754.983
f(16) = -813.334
f(21) = -1382.26
Thetas: 
	T0 = 64.053	T1 = 270.998	T2 = -7.28903	T3 = -1.76782
Mean Squared Error: 3.43578e+07
Predictions:
f(4) = 918.278
f(30) = -46097.4
f(12) = -788.397
f(-11) = -1445.92
f(-24) = 13800
f(-18) = 3134.4
f(31) = -51205
f(-30) = 33105.3
