Thetas: 
	T0 = -2	T1 = -2
Mean Squared Error: 1.14995e-10
Predictions:
f(12) = -26
f(11) = -24
f(3) = -8
f(-2) = 2
Thetas: 
	T0 = -27.7477	T1 = -8.21999	T2 = 3.61554
Mean Squared Error: 29196.3
Predictions:
f(5) = 21.541
f(18) = 995.729
f(5) = 21.541
f(-2) = 3.15441
f(-22) = 1903.02
f(4) = -2.77897
Thetas: 
	T0 = 1.87547	T1 = 9.48546	T2 = -6.95939	T3 = -2.71662
Mean Squared Error: 3.20065e+07
Predictions:
f(0) = 1.87547
f(1) = 1.68493
f(-16) = 9195.76
f(-27) = 48143.5
f(-6) = 281.214
f(-23) = 29155.3
f(26) = -52203.3
f(13) = -7019.35
