Thetas: 
	T0 = -1	T1 = 1
Mean Squared Error: 5.96515e-10
Predictions:
f(15) = 14
f(12) = 11
f(16) = 15
f(5) = 4.00001
Thetas: 
	T0 = -21.506	T1 = -3.50224	T2 = 2.96569
Mean Squared Error: 102669
Predictions:
f(13) = 434.167
f(-9) = 250.235
f(-15) = 698.309
f(4) = 11.9362
f(24) = 1602.68
f(9) = 187.195
Thetas: 
	T0 = 0.137958	T1 = -0.0234493	T2 = 1.42999	T3 = -0.0443178
Mean Squared Error: 2.70205e+146
Predictions:
f(-15) = 471.811
f(32) = 11.4933
f(9) = 83.4486
f(-1) = 1.63572
f(-1) = 1.63572
f(-23) = 1296.36
f(-21) = 1041.68
f(-8) = 114.536
