Thetas: 
	T0 = -1	T1 = 1
Mean Squared Error: 5.96515e-10
Predictions:
f(15) = 14
f(12) = 11
f(16) = 15
f(5) = 4.00001
Thetas: 
	T0 = -3.03272	T1 = -3.46502	T2 = 2.88398
Mean Squared Error: 103626
Predictions:
f(13) = 439.315
f(-9) = 261.755
f(-15) = 697.838
f(4) = 29.2509
f(24) = 1574.98
f(9) = 199.384
Thetas: 
	T0 = 1.88644	T1 = -7.17677	T2 = 2.30947	T3 = -0.00544669
Mean Squared Error: 100918
Predictions:
f(-15) = 647.55
f(32) = 1958.65
f(9) = 120.392
f(-1) = 11.3781
f(-1) = 11.3781
f(-23) = 1454.93
f(-21) = 1221.51
f(-8) = 209.895
