Thetas: 
	T0 = -1	T1 = 0.999999
Mean Squared Error: 1.1305e-10
Predictions:
f(-16) = -17
f(1) = -1.33274e-06
f(13) = 12
f(5) = 3.99999
Thetas: 
	T0 = 4.23526	T1 = -2.05086	T2 = -0.0976023
Mean Squared Error: 8.03469e+58
Predictions:
f(-14) = 13.8173
f(-5) = 12.0495
f(-22) = 2.11473
f(-6) = 13.0268
f(-19) = 7.96722
f(2) = -0.256874
Thetas: 
	T0 = -5.30754e+14	T1 = 2.0556e+15	T2 = -7.96131e+15	T3 = 3.0834e+16
Mean Squared Error: 4.46372e+58
Predictions:
f(-5) = -4.06409e+18
f(30) = 8.25414e+20
f(19) = 2.08655e+20
f(-32) = -1.01859e+21
f(23) = 3.70993e+20
f(-30) = -8.39746e+20
f(0) = -5.30754e+14
f(-1) = -4.13817e+16
