Thetas: 
	T0 = 1	T1 = -2.97297e-06
Mean Squared Error: 1.31316e-09
Predictions:
f(14) = 0.999958
f(11) = 0.999967
f(0) = 1
f(-5) = 1.00001
Thetas: 
	T0 = -25.5293	T1 = -1.31232	T2 = 1.54601
Mean Squared Error: 31151.1
Predictions:
f(-9) = 111.508
f(24) = 833.477
f(3) = -15.5522
f(6) = 22.2532
f(15) = 302.638
f(10) = 115.949
Thetas: 
	T0 = 94.0863	T1 = -289.118	T2 = -16.9999	T3 = 2.63097
Mean Squared Error: -nan
Predictions:
f(-22) = -29787.8
f(9) = -1966.99
f(2) = -531.101
f(-10) = -1345.69
f(-9) = -598.818
f(-10) = -1345.69
f(32) = 59646
f(-10) = -1345.69
