Thetas: 
	T0 = -1	T1 = 1
Mean Squared Error: 5.96515e-10
Predictions:
f(15) = 14
f(12) = 11
f(16) = 15
f(5) = 4.00001
Thetas: 
	T0 = -21.506	T1 = -3.50224	T2 = 2.96569
Mean Squared Error: 102669
Predictions:
f(13) = 434.167
f(-9) = 250.235
f(-15) = 698.309
f(4) = 11.9362
f(24) = 1602.68
f(9) = 187.195
Thetas: 
	T0 = 1.87197	T1 = -7.11775	T2 = 2.30908	T3 = -0.00554622
Mean Squared Error: 100928
Predictions:
f(-15) = 646.9
f(32) = 1956.87
f(9) = 120.805
f(-1) = 11.3043
f(-1) = 11.3043
f(-23) = 1454.57
f(-21) = 1221.01
f(-8) = 209.435
