Thetas: 
	T0 = 0	T1 = 0
Mean Squared Error: 0
Predictions:
f(-1) = 0
f(1) = 0
f(-11) = 0
f(-9) = 0
Thetas: 
	T0 = 18.3978	T1 = -0.342077	T2 = -0.937171
Mean Squared Error: 5047.76
Predictions:
f(-13) = -135.537
f(17) = -258.26
f(12) = -120.66
f(8) = -44.3178
f(23) = -485.234
f(22) = -442.719
Thetas: 
	T0 = -0.288254	T1 = -1.76434	T2 = -7.24406	T3 = 2.35683
Mean Squared Error: 4.44017e+08
Predictions:
f(13) = -1247.47
f(31) = -7016.53
f(29) = -6143.71
f(-25) = -4483.72
f(21) = -3231.97
f(21) = -3231.97
f(6) = -271.661
f(19) = -2648.92
