Thetas: 
	T0 = -1	T1 = 0.999999
Mean Squared Error: 1.1305e-10
Predictions:
f(-16) = -17
f(1) = -1.33274e-06
f(13) = 12
f(5) = 3.99999
Thetas: 
	T0 = 0.118813	T1 = -0.525083	T2 = -0.143997
Mean Squared Error: 579.433
Predictions:
f(-14) = -20.7535
f(-5) = -0.8557
f(-22) = -58.024
f(-6) = -1.91459
f(-19) = -41.8876
f(2) = -1.50734
Thetas: 
	T0 = 82.9236	T1 = 551.806	T2 = 12.1425	T3 = -4.60562
Mean Squared Error: 1.35899e+08
Predictions:
f(-5) = -1796.84
f(30) = -96786.3
f(19) = -16639.2
f(-32) = 145776
f(23) = -36838.7
f(-30) = 118809
f(0) = 82.9236
f(-1) = -452.134
