Thetas: 
	T0 = 0	T1 = 0
Mean Squared Error: 0
Predictions:
f(-1) = 0
f(1) = 0
f(-11) = 0
f(-9) = 0
Thetas: 
	T0 = 18.3978	T1 = -0.342077	T2 = -0.937171
Mean Squared Error: 5047.76
Predictions:
f(-13) = -135.537
f(17) = -258.26
f(12) = -120.66
f(8) = -44.3178
f(23) = -485.234
f(22) = -442.719
Thetas: 
	T0 = 3.27839	T1 = -38.1506	T2 = -8.62172	T3 = 2.43435
Mean Squared Error: 9.77521e+07
Predictions:
f(13) = 3398.52
f(31) = 63056.9
f(29) = 51017.5
f(-25) = -42468.3
f(21) = 17944.5
f(21) = 17944.5
f(6) = -10.1871
f(19) = 12863.2
