Thetas: 
	T0 = -1	T1 = -1.67038e-06
Mean Squared Error: 0.125003
Predictions:
f(1) = -1
f(-1) = -0.999998
f(2) = -1
f(-15) = -0.999975
Thetas: 
	T0 = 3.33499	T1 = 1.34441	T2 = -0.0825573
Mean Squared Error: 105.525
Predictions:
f(4) = 7.39172
f(-2) = 0.315934
f(16) = 3.71092
f(-4) = -3.36358
f(-12) = -24.6862
f(5) = 7.99312
Thetas: 
	T0 = 96.5446	T1 = 152.978	T2 = -18.4853	T3 = -3.32997
Mean Squared Error: 1.13385e+08
Predictions:
f(-27) = 48034.1
f(-13) = 2299.74
f(7) = -880.564
f(30) = -101860
f(3) = 299.203
f(-15) = 4881.31
f(-15) = 4881.31
f(7) = -880.564
