Thetas: 
	T0 = 0	T1 = 0
Mean Squared Error: 0
Predictions:
f(-1) = 0
f(1) = 0
f(-11) = 0
f(-9) = 0
Thetas: 
	T0 = 18.3982	T1 = -0.343175	T2 = -0.937118
Mean Squared Error: 5049.2
Predictions:
f(-13) = -135.514
f(17) = -258.263
f(12) = -120.665
f(8) = -44.3228
f(23) = -485.23
f(22) = -442.717
Thetas: 
	T0 = 53.4479	T1 = -370.131	T2 = -8.05746	T3 = 2.97447
Mean Squared Error: 8.60902e+07
Predictions:
f(13) = 414.952
f(31) = 69448.7
f(29) = 55087.8
f(-25) = -42205.3
f(21) = 16274
f(21) = 16274
f(6) = -1814.92
f(19) = 10514.1
