Thetas: 
	T0 = 1	T1 = -2.97297e-06
Mean Squared Error: 1.31316e-09
Predictions:
f(14) = 0.999958
f(11) = 0.999967
f(0) = 1
f(-5) = 1.00001
Thetas: 
	T0 = -25.5293	T1 = -1.31232	T2 = 1.54601
Mean Squared Error: 31151.1
Predictions:
f(-9) = 111.508
f(24) = 833.477
f(3) = -15.5522
f(6) = 22.2532
f(15) = 302.638
f(10) = 115.949
Thetas: 
	T0 = 85.1415	T1 = -266.455	T2 = -17.1466	T3 = 2.59513
Mean Squared Error: 4.83442e+08
Predictions:
f(-22) = -2351.82
f(9) = -3701.83
f(2) = -516.356
f(-10) = 1035.03
f(-9) = 1094.36
f(-10) = 1035.03
f(32) = -25999.6
f(-10) = 1035.03
