Thetas: 
	T0 = -2	T1 = 0.999999
Mean Squared Error: 5.46366e-11
Predictions:
f(10) = 7.99999
f(-3) = -5
f(15) = 13
f(-5) = -6.99999
Thetas: 
	T0 = -12.8981	T1 = 0.295429	T2 = 0.994499
Mean Squared Error: 2128.22
Predictions:
f(20) = 390.81
f(-1) = -12.1991
f(2) = -8.32928
f(-4) = 1.83214
f(22) = 474.939
f(22) = 474.939
Thetas: 
	T0 = -68.0827	T1 = -437.27	T2 = 9.88297	T3 = 4.75931
Mean Squared Error: 2.18662e+08
Predictions:
f(18) = 23019.4
f(-26) = -65667.8
f(25) = 69541.3
f(-10) = 533.604
f(-26) = -65667.8
f(10) = 1306.82
f(-19) = -20836.3
f(8) = -496.966
