Thetas: 
	T0 = -1	T1 = 1
Mean Squared Error: 5.96515e-10
Predictions:
f(15) = 14
f(12) = 11
f(16) = 15
f(5) = 4.00001
Thetas: 
	T0 = 3.23087e-127	T1 = -3.47012	T2 = 2.89518
Mean Squared Error: 103825
Predictions:
f(13) = 444.174
f(-9) = 265.741
f(-15) = 703.468
f(4) = 32.4424
f(24) = 1584.34
f(9) = 203.279
Thetas: 
	T0 = 1.88644	T1 = -7.17677	T2 = 2.30947	T3 = -0.00544669
Mean Squared Error: 100918
Predictions:
f(-15) = 647.55
f(32) = 1958.65
f(9) = 120.392
f(-1) = 11.3781
f(-1) = 11.3781
f(-23) = 1454.93
f(-21) = 1221.51
f(-8) = 209.895
