Thetas: 
	T0 = 1	T1 = 2
Mean Squared Error: 4.11338e-11
Predictions:
f(14) = 29
f(-5) = -9
f(-14) = -27
f(13) = 27
Thetas: 
	T0 = 16.7674	T1 = -4.71604	T2 = -2.94783
Mean Squared Error: 23061.9
Predictions:
f(-18) = -853.441
f(2) = -4.45596
f(-4) = -11.5337
f(-17) = -754.983
f(16) = -813.334
f(21) = -1382.26
Thetas: 
	T0 = 0.703159	T1 = 6.92383	T2 = -10.9866	T3 = -1.27692
Mean Squared Error: 3.94707e+07
Predictions:
f(4) = -229.109
f(30) = -44156.3
f(12) = -3704.79
f(-11) = 294.745
f(-24) = 11158.4
f(-18) = 3763.42
f(31) = -48383.4
f(-30) = 24381.9
