Thetas: 
	T0 = -1	T1 = 0.999999
Mean Squared Error: 1.1305e-10
Predictions:
f(-16) = -17
f(1) = -1.33274e-06
f(13) = 12
f(5) = 3.99999
Thetas: 
	T0 = 4.41372	T1 = -2.04677	T2 = -0.0982911
Mean Squared Error: inf
Predictions:
f(-14) = 13.8035
f(-5) = 12.1903
f(-22) = 1.86984
f(-6) = 13.1559
f(-19) = 7.81932
f(2) = -0.0729935
Thetas: 
	T0 = 0	T1 = 0	T2 = 0	T3 = 0
Mean Squared Error: -nan
Predictions:
f(-5) = 0
f(30) = 0
f(19) = 0
f(-32) = 0
f(23) = 0
f(-30) = 0
f(0) = 0
f(-1) = 0
